<?xml version="1.0" standalone="no"?>
<!DOCTYPE svg PUBLIC "-//W3C//DTD SVG 20010904//EN"
 "http://www.w3.org/TR/2001/REC-SVG-20010904/DTD/svg10.dtd">
<svg version="1.0" xmlns="http://www.w3.org/2000/svg"
 width="1080.000000pt" height="1080.000000pt" viewBox="0 0 1080.000000 1080.000000"
 preserveAspectRatio="xMidYMid meet">

<g transform="translate(0.000000,1080.000000) scale(0.100000,-0.100000)"
fill="#000000" stroke="none">
<path d="M0 10194 l0 -605 23 6 c160 49 394 196 554 348 234 224 387 497 467
830 l6 27 -525 0 -525 0 0 -606z"/>
<path d="M7960 10794 c0 -11 253 -126 361 -165 323 -115 591 -155 967 -146
357 9 601 55 897 171 110 43 295 132 295 141 0 3 -567 5 -1260 5 -693 0 -1260
-3 -1260 -6z"/>
<path d="M1520 9064 c-70 -30 -230 -164 -286 -240 -12 -16 -37 -70 -55 -119
l-33 -90 -1 -225 c0 -197 -2 -231 -19 -273 -10 -26 -16 -50 -12 -54 8 -8 17 1
20 19 3 21 49 78 63 78 7 0 13 9 13 20 0 13 7 20 20 20 31 0 89 33 90 51 0 30
31 44 96 44 35 0 66 4 70 8 4 4 28 4 54 1 35 -5 49 -2 59 9 7 9 18 14 25 11 8
-3 16 4 19 17 5 19 11 21 41 16 39 -6 54 4 32 22 -20 17 -30 119 -16 156 7 17
15 50 18 74 8 50 32 72 59 55 23 -14 28 -34 9 -34 -9 0 -19 -12 -22 -27 -4
-16 -12 -31 -18 -35 -6 -4 -7 -10 -3 -14 3 -4 15 4 26 17 l20 24 1 -24 c0 -14
12 -42 26 -62 16 -23 29 -59 33 -91 3 -29 10 -52 14 -51 5 1 21 19 38 40 47
62 49 63 78 63 23 0 32 -7 45 -35 9 -19 20 -58 23 -85 5 -47 8 -50 34 -50 16
0 29 4 29 9 0 13 33 23 40 12 9 -15 61 56 72 98 32 125 37 212 13 257 -8 16
-15 37 -15 47 0 11 -9 21 -20 24 -10 3 -22 14 -25 24 -4 10 -21 28 -38 41 -18
12 -59 46 -93 75 -34 29 -67 53 -74 53 -7 0 -28 14 -47 31 -20 17 -52 37 -72
46 -20 8 -44 19 -54 24 -73 38 -214 49 -277 23z m130 -612 c0 -65 -3 -72 -29
-65 -33 9 -15 123 20 123 5 0 9 -26 9 -58z"/>
<path d="M5811 9060 c-97 -20 -151 -84 -151 -178 0 -88 58 -146 176 -176 98
-25 124 -41 124 -76 0 -66 -116 -69 -140 -4 -9 23 -14 24 -90 24 l-79 0 6 -32
c12 -66 46 -109 113 -144 26 -14 58 -18 125 -19 77 0 98 4 140 25 114 58 128
219 26 288 -19 12 -73 34 -120 48 -116 35 -147 67 -105 108 34 35 124 7 124
-39 0 -12 16 -15 80 -15 70 0 80 2 80 18 -1 27 -35 95 -61 119 -52 47 -161 70
-248 53z"/>
<path d="M6430 9060 c-171 -36 -271 -229 -213 -411 26 -80 108 -160 189 -182
111 -31 209 -16 300 46 47 32 95 102 109 160 l7 27 -84 0 c-80 0 -85 -1 -98
-25 -49 -92 -201 -89 -251 5 -36 66 -21 147 36 200 23 21 36 25 92 25 64 0 66
-1 103 -42 l38 -43 80 0 81 0 -9 31 c-14 49 -58 116 -93 143 -77 59 -192 85
-287 66z"/>
<path d="M9431 9060 c-96 -20 -189 -104 -216 -194 -36 -119 -9 -249 67 -323
67 -66 126 -88 233 -88 78 0 97 4 147 28 99 49 151 131 165 260 l6 57 -172 0
-171 0 0 -55 0 -55 80 0 c44 0 80 -4 80 -9 0 -20 -43 -60 -76 -71 -45 -15
-115 -8 -150 15 -31 20 -63 88 -64 134 0 111 112 190 213 148 18 -8 38 -21 46
-30 11 -14 32 -17 103 -17 88 0 89 0 82 22 -21 68 -93 136 -172 163 -53 19
-149 26 -201 15z"/>
<path d="M10133 9060 c-93 -20 -178 -86 -217 -170 -16 -35 -21 -65 -21 -130 0
-73 4 -93 28 -142 54 -111 148 -163 292 -163 78 0 97 4 147 28 69 34 131 101
152 164 9 26 16 79 16 118 0 165 -117 286 -290 299 -36 3 -84 1 -107 -4z m156
-168 c96 -51 95 -218 0 -268 -43 -22 -119 -21 -157 1 -65 39 -90 134 -54 205
37 74 135 103 211 62z"/>
<path d="M5040 8767 l0 -283 33 -12 c18 -7 57 -12 85 -12 l52 0 0 115 0 115
38 0 37 0 59 -115 59 -115 93 0 c52 0 94 3 94 6 0 4 -34 69 -75 145 l-74 138
24 43 c21 38 105 241 105 253 0 3 -40 5 -89 5 l-89 0 -32 -90 c-36 -100 -55
-120 -112 -120 l-38 0 0 105 0 105 -85 0 -85 0 0 -283z"/>
<path d="M7110 8755 l0 -295 85 0 84 0 3 151 3 151 58 -81 58 -81 52 0 52 0
55 80 c30 44 58 79 63 80 4 0 7 -67 7 -150 l0 -150 80 0 80 0 0 295 0 295 -69
0 -69 0 -100 -140 -100 -141 -99 140 -98 141 -72 0 -73 0 0 -295z"/>
<path d="M7982 8762 c-62 -159 -112 -291 -112 -295 0 -4 38 -7 85 -7 l84 0 20
45 20 46 102 -3 102 -3 16 -42 15 -43 89 0 c81 0 89 2 83 18 -4 9 -55 142
-114 294 l-107 278 -86 0 -85 0 -112 -288z m235 -2 l32 -90 -70 0 c-39 0 -69
4 -67 8 2 4 16 45 32 90 16 45 32 82 35 82 3 0 20 -41 38 -90z"/>
<path d="M8570 8755 l0 -295 80 0 79 0 3 153 3 152 115 -152 115 -153 67 0 68
0 0 295 0 295 -85 0 -84 0 -3 -147 -3 -147 -108 147 -108 147 -70 0 -69 0 0
-295z"/>
<path d="M4509 8956 c-6 -6 -88 -18 -131 -20 -20 -1 -45 -9 -55 -19 -10 -10
-50 -38 -89 -62 -91 -57 -144 -132 -144 -204 0 -62 -11 -121 -21 -121 -5 0 -9
11 -9 24 0 28 -48 73 -88 82 -15 4 -34 12 -42 19 -36 30 -105 27 -242 -11 -28
-8 -108 -79 -125 -110 -71 -133 -65 -275 17 -449 6 -11 13 -38 18 -59 10 -50
37 -69 58 -42 8 11 14 35 14 52 0 28 -6 36 -36 50 -47 23 -74 67 -74 124 0 95
57 118 120 50 38 -41 50 -42 50 -6 0 12 6 28 13 36 15 20 127 104 158 120 13
7 38 25 54 39 17 15 47 32 68 39 46 13 52 4 43 -60 -9 -67 -8 -79 9 -92 10 -7
19 -32 22 -57 4 -33 11 -48 26 -55 27 -12 45 -65 46 -136 1 -55 0 -57 -29 -63
-35 -8 -41 -38 -10 -57 11 -7 20 -23 20 -35 0 -13 11 -30 25 -39 14 -9 25 -24
25 -34 0 -17 12 -29 78 -78 l24 -17 -36 -38 c-19 -21 -39 -37 -43 -36 -12 3
-41 -54 -42 -82 -1 -15 -9 -33 -18 -40 -11 -10 -14 -10 -9 -1 4 6 5 12 1 12
-10 0 -57 -114 -60 -148 -2 -22 -17 -48 -45 -78 -23 -25 -48 -60 -56 -79 -7
-18 -18 -36 -24 -40 -6 -3 -19 -24 -31 -46 -16 -33 -19 -51 -14 -92 6 -45 4
-55 -14 -71 -12 -11 -21 -30 -21 -43 0 -13 -5 -34 -12 -46 -6 -12 -10 -45 -9
-74 2 -43 -1 -52 -18 -58 -30 -9 -42 -29 -55 -94 -10 -48 -10 -64 0 -83 8 -13
13 -35 14 -50 0 -29 -14 -45 -25 -28 -3 5 -15 10 -26 10 -18 0 -19 -2 -5 -15
8 -8 20 -15 26 -15 7 0 9 -7 6 -16 -3 -9 -6 -33 -6 -55 0 -36 -2 -39 -19 -29
-30 15 -31 0 -4 -58 l25 -53 86 1 c96 2 188 -18 233 -51 35 -25 106 -29 562
-33 174 -2 320 -5 323 -8 5 -6 -44 -108 -52 -108 -2 0 3 18 12 40 9 23 15 42
13 44 -2 2 -58 -1 -124 -5 -66 -5 -183 -11 -260 -15 -141 -6 -175 -14 -175
-38 0 -8 -7 -16 -15 -20 -18 -6 -20 5 -4 21 9 9 -9 12 -72 12 -106 0 -149 -7
-149 -25 0 -8 -6 -14 -14 -14 -26 0 -75 22 -73 33 2 10 -73 22 -250 41 -51 6
-62 4 -57 -7 5 -14 -34 -37 -63 -37 -14 0 -80 -19 -92 -27 -2 -1 -7 -20 -11
-42 -6 -33 -4 -43 14 -60 12 -11 26 -25 31 -31 6 -6 65 -47 133 -90 67 -44
122 -86 122 -94 0 -7 9 -21 21 -32 25 -23 22 -44 -21 -137 -25 -51 -35 -65
-45 -57 -7 5 -39 10 -72 9 -32 -1 -68 3 -79 9 -48 26 -160 75 -172 75 -19 0
-128 104 -119 114 5 4 12 1 16 -6 5 -8 14 -10 21 -6 9 6 9 10 -1 17 -11 8 -11
9 2 5 9 -3 22 -1 29 3 11 7 11 11 1 24 -7 8 -10 19 -7 24 10 16 -23 69 -46 75
-18 5 -19 8 -8 21 7 9 23 16 35 16 19 0 21 4 17 27 -5 25 -6 25 -13 6 -4 -11
-14 -23 -23 -26 -13 -5 -15 1 -11 39 2 25 8 51 12 57 7 10 9 79 4 149 -1 19
-55 38 -108 38 -28 0 -33 4 -33 24 0 15 7 27 18 30 15 5 17 19 15 128 -1 91 0
113 7 83 5 -22 9 -57 9 -77 1 -20 10 -57 21 -83 16 -38 24 -46 42 -43 16 2 23
10 22 23 -1 40 -18 80 -41 98 -28 23 -29 43 -3 82 11 17 20 42 20 57 0 15 5
30 10 33 6 4 8 21 5 38 -5 26 -2 36 19 55 29 25 32 39 11 66 -17 23 -18 26 -6
45 7 11 13 10 34 -4 25 -16 27 -16 64 9 26 18 32 26 20 26 -10 0 -38 19 -62
43 -35 35 -42 48 -38 70 6 31 11 32 55 13 100 -43 141 -56 177 -56 46 0 58 24
18 34 -13 3 -40 19 -61 35 -20 16 -54 32 -76 36 -52 9 -59 31 -14 45 18 6 34
16 34 21 0 5 -20 18 -45 29 -41 17 -50 28 -46 53 6 37 10 80 10 122 1 45 5 56
41 93 23 23 45 42 50 42 18 0 11 93 -11 150 -57 151 -115 240 -154 240 -30 0
-39 -14 -19 -31 36 -30 53 -93 56 -207 1 -54 4 -61 19 -57 11 4 25 -4 38 -21
22 -27 22 -28 2 -47 -19 -19 -20 -19 -66 3 l-46 22 -28 -26 c-31 -30 -95 -37
-105 -11 -3 8 -16 20 -30 26 -22 10 -24 15 -19 68 3 36 -3 92 -16 158 -12 56
-24 157 -27 225 -7 136 -33 260 -70 323 -29 50 -115 133 -168 162 -61 34 -126
63 -134 61 -4 -2 -35 8 -70 21 l-63 24 -82 -23 c-136 -38 -206 -89 -299 -221
-75 -106 -144 -295 -163 -449 -10 -77 -66 -245 -104 -308 -17 -29 -31 -55 -31
-57 0 -3 -11 -28 -24 -56 -27 -55 -27 -56 41 -63 47 -5 103 -39 103 -62 0 -8
-6 -14 -12 -13 -7 1 -23 1 -35 0 l-22 -1 27 -55 c15 -30 32 -53 37 -51 6 2 20
0 31 -5 18 -6 25 -24 40 -106 10 -58 28 -116 42 -141 24 -42 25 -50 20 -160
-3 -65 -3 -109 -1 -100 4 18 11 20 88 34 74 12 115 4 213 -42 54 -26 107 -50
120 -55 27 -10 46 -54 37 -89 -3 -14 -6 -47 -8 -75 -1 -27 -6 -50 -12 -50 -22
-1 -32 -16 -28 -40 4 -19 0 -27 -19 -34 -14 -5 -35 -22 -46 -38 -18 -24 -23
-26 -39 -15 -10 6 -29 17 -43 24 -35 17 -80 59 -80 76 0 12 -3 12 -15 2 -26
-21 -104 -40 -128 -30 -19 7 -17 9 16 9 46 1 98 22 127 51 l23 23 -37 12 c-32
11 -43 10 -84 -6 -44 -17 -45 -18 -17 -19 l30 -2 -29 -8 c-16 -5 -34 -6 -39
-3 -6 3 -7 1 -3 -5 8 -13 -7 -16 -88 -16 -30 -1 -51 -6 -53 -13 -3 -7 2 -13
10 -13 25 0 28 -27 4 -34 -42 -11 -122 -6 -169 11 l-46 16 -32 -26 c-36 -31
-56 -33 -87 -12 -15 10 -21 25 -21 45 1 17 -6 36 -15 43 -8 7 -26 37 -38 67
-22 51 -32 66 -79 115 -11 12 -20 26 -20 33 0 7 -11 25 -25 40 -30 32 -85 137
-85 163 0 47 97 99 185 99 84 0 103 -7 110 -41 8 -34 24 -47 36 -28 9 16 29
-28 29 -66 0 -37 11 -55 34 -55 11 -1 55 -14 95 -30 41 -16 77 -27 80 -24 11
11 0 337 -13 392 -8 31 -17 73 -21 92 -3 19 -18 60 -33 90 -41 83 -107 118
-174 91 -13 -5 -35 -12 -50 -15 -35 -8 -42 -34 -24 -93 8 -26 26 -91 41 -143
17 -62 36 -108 55 -132 38 -47 37 -52 -3 -44 -17 4 -72 13 -121 19 l-89 12
-33 76 c-30 67 -34 88 -39 194 -3 66 -10 124 -15 129 -6 6 -10 22 -10 36 0 14
-3 30 -7 35 -5 6 -4 7 1 3 6 -5 18 -8 28 -8 10 0 18 -7 18 -15 0 -23 26 -18
27 5 2 20 -69 223 -85 244 -5 6 -19 37 -31 68 -13 32 -30 63 -38 70 -13 10
-14 5 -8 -41 4 -29 13 -71 21 -93 8 -22 14 -47 14 -54 0 -18 -30 -18 -57 1
-27 19 -35 2 -17 -35 18 -35 37 -82 40 -99 2 -8 5 -25 9 -38 10 -41 -3 -24
-23 30 -27 70 -81 187 -87 187 -3 0 -2 -34 2 -75 4 -53 3 -75 -6 -75 -6 0 -11
11 -11 24 0 13 -7 43 -15 66 -8 24 -13 51 -10 61 12 36 6 161 -8 175 -14 14
-6 22 26 27 17 4 46 9 64 13 43 8 91 -22 128 -81 16 -24 31 -42 33 -40 8 7
-30 86 -58 123 -43 56 -133 92 -235 92 -68 0 -139 -31 -201 -88 -54 -50 -71
-43 -29 12 25 33 32 52 16 42 -5 -4 -11 -1 -13 6 -3 8 -14 7 -38 -5 -39 -20
-43 -21 -34 -6 17 28 100 69 138 69 27 0 36 3 28 9 -23 14 -173 11 -230 -5
-38 -11 -52 -19 -52 -33 0 -10 -10 -26 -21 -37 -12 -10 -32 -41 -45 -69 -13
-27 -24 -44 -24 -36 0 11 -3 11 -16 0 -19 -15 -104 -186 -104 -208 0 -9 -9
-30 -20 -48 -22 -36 -45 -121 -55 -203 -4 -30 -14 -63 -22 -72 -14 -15 -15
-43 -9 -185 19 -500 19 -510 -5 -559 l-22 -46 26 -56 c19 -43 27 -80 31 -151
l6 -94 -39 -62 c-96 -151 -150 -331 -154 -506 -2 -126 16 -410 28 -429 5 -8
12 -104 15 -214 4 -112 13 -214 19 -230 7 -18 13 -108 15 -230 3 -183 1 -203
-16 -226 -14 -20 -17 -35 -12 -73 6 -45 24 -61 39 -37 11 18 23 10 30 -21 4
-17 13 -33 21 -36 8 -3 19 -25 25 -49 12 -47 50 -87 74 -78 18 7 85 89 85 104
0 20 19 0 55 -55 19 -30 55 -74 79 -97 38 -36 47 -52 56 -97 20 -105 16 -189
-15 -313 l-29 -116 19 -61 18 -61 483 0 c265 0 489 3 498 6 19 7 21 50 4 57
-9 4 -10 8 -3 14 14 11 36 84 28 96 -8 13 17 55 37 60 13 3 18 19 22 63 5 51
31 145 57 209 22 54 52 167 56 217 3 31 -1 44 -24 67 -15 15 -35 32 -43 37
-13 7 -7 17 37 55 75 65 174 178 191 218 20 48 17 89 -12 151 -19 40 -23 63
-19 90 l6 36 74 -7 c88 -9 92 -10 100 -49 4 -16 11 -32 16 -35 5 -4 9 -13 9
-22 0 -14 60 -102 109 -160 26 -31 44 -141 39 -251 -1 -50 0 -92 5 -92 4 0 7
8 7 17 0 9 10 27 21 39 17 18 26 21 41 13 15 -8 23 -5 38 13 11 13 19 28 20
34 0 6 11 16 25 22 14 6 25 17 25 24 0 9 3 9 11 1 14 -14 71 9 110 44 14 13
28 23 32 23 3 0 22 15 42 32 43 40 47 63 8 53 -16 -4 -38 -8 -50 -10 -12 -1
-29 -9 -38 -19 -18 -17 -35 -19 -75 -6 l-25 8 23 7 c39 13 24 27 -26 24 -26
-1 -53 0 -59 4 -6 4 -18 4 -27 1 -9 -3 -16 -1 -16 4 0 6 24 14 53 17 55 7 86
19 76 30 -4 3 -29 8 -57 12 -28 3 -50 9 -47 13 2 4 -14 17 -35 29 -51 28 -77
71 -45 71 8 0 15 4 15 10 0 5 -13 7 -28 4 -30 -6 -28 -8 -101 86 -22 29 -61
118 -61 141 0 5 5 7 10 4 6 -4 24 -1 40 7 30 13 39 31 20 43 -11 7 78 115 95
115 6 0 56 -44 111 -97 94 -92 166 -182 195 -245 7 -16 15 -28 18 -28 15 0 75
66 87 96 21 50 17 64 -21 80 -19 8 -35 16 -35 19 0 2 25 23 55 45 32 23 63 56
73 77 10 23 27 40 42 44 18 5 20 7 6 8 -12 1 -16 6 -12 16 3 9 0 15 -9 15 -15
0 -14 27 4 239 7 91 18 101 88 83 55 -14 113 -68 113 -106 0 -39 56 -238 78
-280 24 -45 23 -76 -9 -186 -18 -66 -21 -129 -23 -558 -1 -140 1 -155 18 -167
10 -8 23 -12 27 -9 5 3 9 1 9 -4 0 -9 141 -95 184 -112 37 -14 22 -34 -39 -49
-60 -15 -57 -16 -111 29 l-49 40 -18 -42 c-12 -28 -16 -53 -12 -73 9 -40 9
-224 0 -252 -6 -18 -3 -23 9 -23 9 0 22 -11 28 -25 9 -20 8 -32 -6 -63 -11
-24 -16 -56 -14 -85 l3 -47 124 -5 c124 -5 191 5 191 30 -1 5 -7 21 -15 35 -8
14 -14 39 -15 56 0 42 -14 51 -88 60 -34 3 -65 11 -68 16 -20 31 91 62 135 38
13 -6 25 -9 28 -6 10 10 -33 55 -54 56 -28 0 -51 34 -45 65 4 21 10 25 39 25
l34 0 -28 26 c-15 14 -40 32 -55 40 -16 8 -28 18 -28 23 0 10 59 21 114 21
l39 0 -6 41 c-3 22 -12 48 -21 58 -8 9 -20 41 -26 71 -6 30 -18 72 -26 93 -8
20 -14 69 -14 108 0 44 -6 81 -16 101 -9 17 -13 40 -10 51 6 25 -10 57 -28 57
-8 0 -21 11 -30 24 -14 23 -14 26 0 40 8 9 23 16 31 16 23 0 113 59 113 74 0
7 -6 18 -12 24 -7 7 -14 33 -14 57 -1 26 -9 53 -20 68 -17 21 -18 33 -11 103
11 115 13 129 21 142 4 6 6 43 4 81 -2 65 0 70 28 95 16 14 37 28 47 31 9 4
17 13 17 20 0 16 -78 58 -91 50 -10 -7 -59 15 -83 37 -10 10 -23 15 -28 12 -5
-3 -15 0 -23 6 -8 6 -18 9 -22 7 -12 -8 -42 48 -33 62 5 9 10 8 20 -4 18 -21
33 -19 25 5 -3 10 1 33 9 49 21 39 20 61 -1 61 -10 0 -27 7 -38 15 -19 15 -19
16 4 32 36 25 66 62 67 84 1 21 -39 59 -62 59 -16 0 -19 26 -4 35 6 4 17 1 25
-5 8 -7 38 -14 67 -16 29 -2 74 -8 101 -15 26 -6 54 -8 63 -5 8 3 33 -3 55
-14 22 -12 45 -18 51 -14 7 5 9 -2 4 -22 -10 -44 -45 -231 -57 -304 -5 -36
-18 -96 -28 -135 -15 -62 -16 -99 -9 -325 4 -140 12 -275 18 -300 5 -25 19
-96 30 -157 11 -62 37 -177 56 -255 20 -79 47 -192 60 -253 13 -60 31 -137 39
-170 10 -39 11 -61 5 -63 -17 -6 -51 -82 -48 -105 4 -26 65 -51 85 -35 9 7 16
-5 27 -43 9 -29 16 -63 16 -76 0 -31 29 -42 46 -18 8 11 10 23 5 29 -4 6 -11
31 -15 56 -13 90 -15 100 -26 120 -6 12 -9 28 -6 35 3 8 1 17 -4 20 -6 4 -10
15 -10 25 0 14 5 18 17 13 14 -6 15 0 9 48 -4 30 -11 56 -17 57 -5 2 -9 10 -9
18 0 9 5 12 12 8 8 -5 9 -2 4 12 -5 10 -11 28 -14 39 -3 11 -10 23 -16 27 -7
5 -6 13 5 24 16 15 15 18 -2 35 -10 10 -23 19 -29 19 -5 0 -10 9 -10 19 0 11
-5 23 -10 26 -6 4 -1 14 12 25 13 11 17 19 11 20 -7 0 -13 7 -13 15 0 9 -9 15
-22 15 -22 1 -22 1 -4 15 11 8 15 19 10 26 -4 7 -8 24 -9 37 -1 21 3 23 27 18
15 -3 28 -1 28 4 0 6 -4 10 -10 10 -14 0 -12 27 3 33 6 3 3 6 -8 6 -17 1 -18
3 -5 11 13 9 12 12 -4 25 -27 21 -39 19 -33 -5 3 -11 1 -20 -5 -20 -5 0 -12 9
-15 20 -3 11 -13 20 -22 20 -22 0 -53 54 -38 69 8 8 7 11 -2 11 -7 0 -11 6 -8
13 3 8 -3 33 -13 55 -11 23 -15 42 -10 42 17 0 11 26 -10 45 -24 22 -25 43 -5
72 12 17 12 27 4 53 -7 17 -8 48 -5 68 4 20 8 48 9 61 1 13 8 26 16 29 8 3 11
0 7 -7 -4 -7 0 -11 12 -11 34 0 36 30 3 41 -18 6 -28 16 -25 23 6 16 194 14
239 -2 122 -44 123 -45 105 -67 -10 -12 -8 -16 14 -26 14 -7 26 -18 26 -24 0
-7 7 -19 16 -26 15 -12 15 -14 -6 -19 -17 -4 -23 -13 -25 -37 -1 -18 0 -32 4
-31 19 2 21 -4 5 -19 -17 -17 -16 -18 19 -27 20 -5 37 -13 37 -17 0 -11 -30
-39 -41 -39 -14 0 -11 -38 4 -43 8 -3 3 -14 -15 -34 -30 -31 -35 -64 -17 -110
14 -38 20 -111 8 -118 -15 -10 -10 -25 6 -19 11 5 13 -2 8 -33 -4 -21 -12 -44
-20 -51 -17 -17 -17 -15 7 -54 23 -38 26 -55 7 -39 -11 8 -13 4 -9 -22 2 -17
11 -37 18 -43 8 -7 16 -32 17 -58 2 -25 6 -49 10 -52 10 -11 9 -21 -5 -36 -88
-94 -107 -128 -69 -128 28 0 35 -17 11 -25 -29 -9 -25 -25 8 -25 19 0 23 -3
13 -9 -11 -7 -11 -10 0 -17 8 -4 14 -3 17 5 3 8 12 4 26 -11 27 -27 41 -104
21 -112 -8 -3 -16 0 -19 7 -3 7 -3 2 -1 -9 4 -16 0 -23 -15 -27 -14 -3 -18
-10 -14 -22 4 -9 12 -14 19 -11 6 2 18 0 26 -5 11 -7 11 -9 -3 -9 -11 0 -18
-8 -18 -19 0 -15 10 -19 53 -25 66 -7 185 -8 215 0 21 6 33 44 13 44 -11 0 -8
180 3 198 4 6 5 16 1 21 -3 6 -7 51 -9 102 -3 50 -8 95 -13 98 -4 3 -9 33 -10
66 -4 94 -14 159 -26 170 -7 6 -13 21 -15 34 -1 17 2 22 13 17 17 -6 20 5 5
20 -5 5 -10 21 -10 34 0 62 6 83 25 91 19 7 18 8 -4 8 -17 1 -22 5 -17 17 14
38 17 62 7 68 -6 4 -11 19 -11 34 0 32 -27 75 -41 67 -5 -4 -9 -1 -9 4 0 6 5
11 10 11 6 0 10 13 10 29 0 20 6 31 18 34 14 3 12 6 -10 17 -26 12 -27 16 -23
68 2 30 6 57 9 60 3 2 1 13 -4 22 -11 20 12 46 30 35 6 -4 10 4 10 19 0 14 5
26 10 26 25 0 6 18 -32 30 -48 15 -80 38 -72 51 3 5 25 14 50 20 24 6 44 15
44 20 0 16 -53 44 -78 40 -18 -2 -22 1 -16 11 5 7 8 22 9 33 0 34 120 46 405
41 135 -3 245 -5 245 -6 0 -1 50 -2 110 -4 61 -1 99 0 85 2 -19 2 -28 12 -37
40 -7 22 -8 41 -3 47 6 7 2 16 -10 25 -29 21 -25 40 10 40 22 0 28 4 24 15 -4
8 -12 15 -19 15 -7 0 -23 16 -35 35 -12 20 -29 42 -37 50 -8 8 -12 15 -8 15
11 0 90 -43 96 -52 10 -16 30 47 34 109 2 32 9 71 14 87 6 15 11 42 11 61 0
19 5 37 10 40 6 4 10 -15 10 -49 0 -31 5 -56 10 -56 6 0 10 14 10 30 0 23 5
30 19 30 11 0 23 -12 31 -30 7 -16 16 -30 21 -30 12 0 11 11 -5 40 -12 21 -12
29 0 52 16 31 17 38 6 38 -5 0 -14 -11 -20 -25 -7 -14 -20 -25 -31 -25 -15 0
-20 10 -26 55 -5 43 -10 55 -24 55 -22 0 -41 52 -41 111 0 63 8 85 36 98 21 9
24 8 24 -8 0 -32 11 -51 30 -51 11 0 20 -10 24 -24 9 -37 34 -56 71 -56 24 0
39 7 49 22 20 28 12 36 -13 14 -28 -25 -75 -18 -79 13 -2 13 0 21 5 18 13 -8
103 13 103 24 0 5 5 9 10 9 7 0 10 -41 8 -115 l-3 -114 -33 1 c-66 2 -70 -46
-7 -76 37 -17 38 -19 20 -32 -16 -12 -22 -12 -42 1 -24 16 -32 8 -11 -13 17
-17 63 -15 79 4 18 21 1 46 -40 58 -33 10 -41 33 -15 43 10 4 22 -1 29 -10 7
-10 20 -17 29 -17 11 0 16 -10 18 -32 4 -79 -3 -168 -16 -233 -12 -53 -14
-113 -11 -250 8 -262 8 -266 0 -312 -7 -41 -7 -42 23 -41 17 1 47 -9 68 -21
26 -16 40 -19 48 -11 7 7 -2 22 -32 51 -48 47 -58 83 -47 172 10 89 11 418 2
510 l-9 77 39 0 c41 0 63 14 63 39 0 12 -3 11 -18 -2 -28 -25 -60 -21 -74 9
-21 45 30 85 68 53 8 -6 18 -9 22 -5 12 13 -41 48 -65 43 -23 -4 -31 7 -13 18
5 3 9 21 8 40 -1 39 26 77 48 68 9 -3 14 2 14 14 0 11 11 25 25 31 23 11 25 9
33 -21 l9 -32 7 38 c9 46 30 48 42 5 9 -30 44 -53 44 -29 0 6 -7 11 -15 11
-10 0 -15 10 -15 30 0 19 5 30 14 30 8 0 21 3 30 6 13 5 15 1 10 -23 -10 -51
54 -87 86 -48 15 18 7 19 -22 4 -16 -9 -24 -7 -36 5 -15 15 -13 16 26 16 28 0
42 4 42 13 0 20 -23 45 -45 49 -12 3 2 10 37 18 81 19 84 21 70 68 -7 22 -12
53 -12 70 0 17 -4 34 -10 37 -15 10 -12 35 5 35 11 0 15 -11 15 -40 0 -22 5
-40 10 -40 16 0 12 90 -4 96 -20 8 -20 154 0 154 11 0 14 -14 11 -65 -2 -52 1
-69 14 -81 11 -10 23 -13 31 -8 11 6 11 5 0 -8 -17 -21 -12 -68 9 -81 18 -11
69 -2 69 13 0 6 -11 5 -26 -2 -22 -11 -28 -10 -40 7 -18 24 -18 30 2 50 15 14
18 14 40 0 13 -8 24 -12 24 -7 0 14 -23 32 -41 32 -14 0 -18 14 -22 83 -7 96
-4 198 7 215 4 7 24 12 45 12 47 0 75 28 91 90 13 47 6 149 -11 182 -5 9 -12
50 -15 89 -3 40 -9 80 -15 90 -6 12 -4 33 7 65 18 53 12 158 -9 151 -11 -3
-127 -347 -127 -375 0 -35 -54 -27 -124 19 -48 32 -49 33 -65 13 -34 -42 -68
-57 -119 -50 -26 3 -53 2 -61 -3 -16 -10 -6 -31 15 -31 8 0 32 -17 53 -37 22
-21 69 -60 105 -87 37 -27 66 -56 66 -66 0 -50 -93 -75 -259 -67 -64 3 -126 8
-137 12 -20 6 -22 1 -34 -77 -34 -227 -110 -428 -162 -428 -5 0 -2 10 6 22 9
12 16 35 16 50 0 21 4 26 16 21 14 -5 16 0 12 28 -3 19 -13 51 -22 72 -19 42
-15 46 13 16 11 -12 24 -18 30 -14 18 11 -16 63 -60 92 -23 15 -36 29 -29 31
7 3 32 -10 56 -27 38 -26 44 -28 44 -12 0 10 -12 36 -26 57 -15 21 -31 53 -35
69 l-9 30 25 -30 c14 -16 34 -45 46 -62 11 -18 22 -33 24 -33 2 0 3 25 2 55
-2 39 1 55 10 55 7 0 13 7 13 15 0 8 -3 15 -7 15 -5 0 -6 25 -5 55 2 30 8 53
13 49 5 -3 10 3 10 13 1 10 4 29 7 43 8 40 8 460 0 460 -4 0 -2 11 4 25 8 19
8 35 -1 65 -7 22 -9 45 -6 51 4 5 0 31 -8 57 -24 75 -38 133 -47 197 -5 34
-18 86 -30 118 -12 31 -19 60 -16 65 3 5 -8 6 -25 4 -27 -4 -34 3 -30 30 0 4
-6 5 -14 2 -9 -4 -15 0 -15 8 0 16 -57 78 -71 78 -5 0 -9 10 -9 23 0 12 -13
37 -30 55 -16 18 -30 42 -30 53 0 45 -46 16 -110 -71 -46 -63 -80 -91 -67 -57
2 6 16 57 31 112 41 150 33 141 91 100 28 -19 55 -39 62 -45 7 -5 17 -10 22
-10 5 0 30 -16 55 -35 l46 -35 0 34 c0 18 3 60 6 93 6 57 5 61 -26 97 -18 21
-34 49 -35 64 -3 40 -51 307 -69 381 -23 98 -64 170 -116 207 -25 17 -48 29
-52 27 -5 -2 -9 2 -9 9 -1 7 -3 24 -4 38 -9 112 -75 212 -185 279 -83 52 -99
55 -111 26 -8 -19 -8 -19 -15 3 -3 12 -14 22 -25 22 -11 0 -19 4 -19 9 0 5
-10 13 -22 17 -12 3 -33 17 -47 30 -26 24 -34 28 -42 20z m-283 -463 c-10 -10
-19 5 -10 18 6 11 8 11 12 0 2 -7 1 -15 -2 -18z m424 -73 c0 -5 -5 -10 -11
-10 -5 0 -7 5 -4 10 3 6 8 10 11 10 2 0 4 -4 4 -10z m-346 -83 c14 -13 50 -29
80 -36 58 -13 78 -29 93 -75 5 -17 21 -39 35 -49 24 -18 30 -18 58 -7 30 12
90 78 90 99 0 6 11 18 25 27 26 17 55 13 80 -12 19 -20 19 -100 0 -134 -17
-29 -20 -86 -5 -95 6 -3 10 -13 10 -21 0 -23 42 -74 60 -74 19 0 49 -32 70
-73 8 -15 33 -46 57 -68 24 -22 46 -52 49 -67 3 -15 -7 -65 -21 -112 -14 -47
-33 -112 -41 -144 -15 -62 -40 -96 -167 -232 -54 -59 -62 -64 -130 -79 -67
-15 -107 -15 -189 1 -24 5 -28 11 -28 39 0 18 11 52 24 76 20 35 45 137 46
181 0 4 10 8 23 10 16 2 23 11 25 30 3 24 6 27 23 18 27 -15 35 9 16 47 -8 15
-18 48 -22 73 -8 45 -19 71 -44 102 -7 10 -11 26 -8 38 6 22 2 23 -57 20 -24
-1 -36 2 -32 8 10 16 -11 24 -31 13 -80 -43 -120 -51 -130 -25 -8 21 5 31 50
37 45 6 57 14 33 23 -9 3 -16 10 -16 16 0 5 -23 39 -51 76 -38 51 -49 74 -48
97 3 31 34 75 53 75 6 0 22 12 35 25 26 28 19 48 -22 61 -39 12 -69 36 -56 44
16 11 5 25 -36 44 -45 22 -48 48 -3 39 24 -5 29 -3 23 7 -14 22 50 4 79 -23z
m-1329 -217 c3 -5 30 -10 59 -10 74 0 90 -19 94 -116 7 -120 1 -136 -60 -162
-55 -23 -61 -42 -7 -23 18 6 33 10 35 9 1 -2 0 -16 -3 -32 -5 -27 -8 -28 -45
-23 -28 4 -41 1 -45 -9 -9 -24 18 -46 49 -40 15 3 30 1 33 -4 3 -5 -1 -41 -9
-80 -12 -54 -26 -87 -61 -137 -26 -36 -53 -84 -62 -106 -30 -73 -105 -80 -198
-17 -22 15 -51 30 -65 33 -44 11 -106 135 -116 230 -3 26 -14 62 -24 80 -25
40 -25 70 0 125 19 43 57 67 134 86 44 11 96 68 96 105 0 23 6 34 23 41 12 6
29 14 37 19 13 8 103 37 122 40 4 1 10 -3 13 -9z m1255 -162 c0 -10 -42 -10
-64 -2 -16 6 -22 35 -10 47 7 7 74 -34 74 -45z m-3407 -247 c-5 -18 -33 -38
-33 -24 0 6 30 43 36 43 1 0 0 -9 -3 -19z m694 -197 c-3 -3 -12 -4 -19 -1 -8
3 -5 6 6 6 11 1 17 -2 13 -5z m1174 -224 c32 -11 45 -21 47 -38 2 -12 8 -20
13 -17 15 10 11 -9 -16 -69 -14 -31 -25 -67 -25 -80 0 -64 -35 -77 -45 -17 -4
24 -18 49 -37 67 -16 16 -50 55 -74 87 -47 61 -52 84 -33 150 l10 38 58 -53
c33 -30 76 -59 102 -68z m739 59 c0 -3 -7 -12 -15 -19 -11 -9 -14 -25 -9 -64
3 -29 0 -57 -6 -66 -9 -13 -13 -12 -30 8 -14 17 -18 32 -13 55 3 18 10 34 15
35 4 2 8 15 8 28 0 14 5 35 11 46 11 21 12 21 25 3 8 -10 14 -22 14 -26z m550
-166 c-17 -58 -37 -96 -45 -84 -10 18 3 63 27 89 27 28 28 28 18 -5z m-812
-109 c-2 -8 -8 -10 -15 -6 -8 5 -10 21 -6 47 l7 40 8 -33 c5 -19 8 -40 6 -48z
m70 0 c6 4 9 13 5 21 -8 23 20 18 35 -6 11 -18 11 -24 -4 -40 -11 -12 -24 -17
-37 -13 -17 5 -17 2 7 -38 27 -46 71 -242 82 -369 6 -55 4 -67 -10 -72 -13 -5
-16 1 -17 31 -2 79 -18 164 -30 156 -6 -4 -8 12 -4 43 5 34 2 56 -9 78 -9 17
-16 39 -16 50 0 11 -9 35 -21 54 -12 19 -23 59 -26 90 l-5 56 20 -24 c11 -13
24 -21 30 -17z m1597 -54 c3 -5 -1 -10 -10 -10 -9 0 -13 5 -10 10 3 6 8 10 10
10 2 0 7 -4 10 -10z m-2121 -176 c18 -7 21 -30 6 -39 -13 -8 -40 13 -40 31 0
15 10 17 34 8z m1126 -69 c0 -8 -4 -15 -10 -15 -5 0 -7 7 -4 15 4 8 8 15 10
15 2 0 4 -7 4 -15z m-975 -286 c7 -22 -7 -39 -33 -39 -16 0 -26 25 -18 45 8
23 44 18 51 -6z m995 12 c0 -12 -20 -25 -27 -18 -7 7 6 27 18 27 5 0 9 -4 9
-9z m-40 -26 c0 -8 -4 -15 -10 -15 -5 0 -7 7 -4 15 4 8 8 15 10 15 2 0 4 -7 4
-15z m20 -39 c0 -11 -19 -15 -25 -6 -3 5 1 10 9 10 9 0 16 -2 16 -4z m57 -93
c-8 -7 -35 9 -41 23 -4 11 0 11 20 -2 13 -9 23 -18 21 -21z m-1874 -200 c7
-35 1 -41 -19 -22 -8 9 -12 23 -8 32 9 25 21 21 27 -10z m912 -38 c0 -14 -8
-21 -27 -23 -24 -3 -28 0 -28 23 0 23 4 26 28 23 19 -2 27 -9 27 -23z m810
-15 c3 -5 -3 -10 -14 -10 -11 0 -23 5 -26 10 -3 6 3 10 14 10 11 0 23 -4 26
-10z m202 -9 c144 -36 136 -31 137 -81 0 -44 0 -45 -32 -44 -18 1 -40 5 -50 9
-16 7 -15 8 3 16 17 8 16 9 -7 6 -16 -3 -28 -1 -28 4 0 4 -19 10 -42 14 -77
12 -108 25 -108 46 0 16 5 19 20 15 11 -3 29 -8 39 -11 11 -3 22 -2 25 3 7 12
-12 28 -39 35 -11 2 -15 5 -8 6 6 0 47 -8 90 -18z m285 -58 c29 -4 55 -18 81
-42 32 -30 38 -43 39 -77 1 -67 -16 -83 -87 -83 -33 0 -98 -7 -145 -15 -47 -9
-99 -19 -116 -22 -28 -6 -34 -2 -60 34 -16 23 -55 72 -86 111 -53 64 -71 101
-50 101 5 0 19 -11 32 -25 13 -14 28 -25 34 -25 7 0 27 -13 47 -29 19 -16 52
-36 73 -45 35 -15 41 -15 56 -1 21 19 56 21 93 7 29 -12 31 -10 27 38 -1 13
-13 35 -26 47 -29 27 -32 77 -6 92 14 8 20 4 35 -25 14 -28 25 -35 59 -41z
m63 67 c-3 -5 -14 -10 -23 -10 -15 0 -15 2 -2 10 20 13 33 13 25 0z m550 0 c4
-6 -8 -10 -30 -10 -22 0 -34 4 -30 10 3 6 17 10 30 10 13 0 27 -4 30 -10z
m-185 -7 c0 -5 -7 -16 -14 -26 -10 -12 -16 -15 -21 -7 -4 6 -13 9 -21 6 -8 -3
-14 -1 -14 4 0 8 -103 6 -168 -4 -24 -4 -32 -2 -29 7 2 8 36 14 93 18 150 9
174 9 174 2z m-1015 -13 c3 -5 -1 -10 -10 -10 -9 0 -13 5 -10 10 3 6 8 10 10
10 2 0 7 -4 10 -10z m1252 4 c-3 -3 -12 -4 -19 -1 -8 3 -5 6 6 6 11 1 17 -2
13 -5z m998 -84 c0 -33 -40 -41 -50 -11 -9 28 2 43 28 39 16 -2 22 -10 22 -28z
m-3948 -57 c35 -96 63 -195 78 -286 22 -122 19 -117 75 -121 11 -1 16 -14 18
-46 4 -72 5 -73 74 -40 35 17 68 30 75 30 10 0 27 -28 108 -175 14 -27 85
-138 151 -237 30 -44 54 -86 54 -93 0 -7 -15 -32 -32 -55 -96 -123 -117 -128
-168 -39 -19 34 -77 107 -127 162 -51 56 -93 111 -94 122 0 17 -2 16 -10 -5
-7 -16 -8 -78 -3 -170 6 -139 8 -147 36 -188 32 -47 31 -75 -3 -70 -17 2 -26
19 -46 83 -17 56 -40 101 -77 150 -28 39 -65 96 -81 129 -18 35 -49 75 -79
100 -50 43 -98 124 -130 222 -17 51 -91 168 -147 231 -27 32 -30 68 -5 60 17
-5 84 -96 108 -145 21 -43 38 -62 38 -42 0 16 -64 130 -117 209 -29 43 -40 68
-33 75 13 13 26 -5 89 -116 57 -102 75 -150 66 -178 -4 -13 1 -30 15 -48 19
-23 110 -206 110 -219 0 -3 -8 1 -17 8 -13 11 -13 8 2 -13 11 -14 28 -31 38
-37 16 -10 17 -6 16 49 -1 47 -5 60 -15 56 -9 -3 -14 2 -14 14 0 11 4 20 10
20 10 0 4 94 -11 165 -7 37 1 65 21 65 12 0 22 -60 20 -113 -1 -41 4 -58 34
-103 21 -30 33 -60 30 -69 -7 -16 20 -65 36 -65 21 0 7 142 -20 205 -8 20 -12
44 -29 175 -5 36 -13 83 -20 105 -6 22 -20 92 -31 155 -11 63 -23 126 -26 140
-13 47 8 11 33 -57z m-554 -9 c3 -3 3 -12 0 -20 -4 -11 -9 -12 -19 -3 -8 6
-11 15 -8 20 6 10 18 12 27 3z m1977 -34 c0 -20 5 -30 15 -30 8 0 15 -4 15
-10 0 -5 -7 -10 -15 -10 -18 0 -20 -17 -2 -23 6 -2 9 -8 4 -12 -13 -15 -26 9
-33 63 -4 36 -3 52 5 52 6 0 11 -13 11 -30z m-1845 11 c10 -18 -17 -23 -33 -7
-15 15 -15 16 5 16 12 0 24 -4 28 -9z m-78 -39 c10 -6 10 -12 -2 -28 -12 -16
-16 -17 -24 -5 -9 14 -4 41 8 41 3 0 12 -4 18 -8z m113 -2 c0 -5 -9 -10 -21
-10 -11 0 -17 5 -14 10 3 6 13 10 21 10 8 0 14 -4 14 -10z m315 -130 c35 -148
33 -142 45 -135 5 3 10 2 10 -3 0 -6 -7 -12 -15 -16 -9 -3 -15 0 -15 10 0 9
-6 14 -12 11 -7 -2 -12 -16 -11 -31 1 -14 -2 -26 -8 -26 -5 0 -9 28 -9 63 0
58 -8 129 -25 222 -5 26 -4 37 2 30 6 -5 23 -62 38 -125z m-207 75 l12 -30
-20 24 c-11 13 -20 30 -20 39 0 21 13 6 28 -33z m-116 -42 c18 -16 24 -44 11
-56 -12 -13 -51 33 -46 54 6 23 11 24 35 2z m1351 -64 c-6 -6 -16 -8 -22 -5
-15 10 -14 43 2 49 17 6 33 -31 20 -44z m3017 -39 c0 -5 -14 -10 -31 -10 -17
0 -28 4 -24 10 3 6 17 10 31 10 13 0 24 -4 24 -10z m-4853 -60 c10 -21 7 -28
-24 -67 -19 -24 -39 -43 -43 -43 -12 0 -23 56 -15 80 7 22 40 27 49 8 3 -7 3
2 0 21 -7 39 13 40 33 1z m4493 20 c0 -5 -2 -10 -4 -10 -3 0 -8 5 -11 10 -3 6
-1 10 4 10 6 0 11 -4 11 -10z m-5010 -124 c0 -3 -4 -8 -10 -11 -5 -3 -10 -1
-10 4 0 6 5 11 10 11 6 0 10 -2 10 -4z m2385 -171 c0 -22 -31 -33 -47 -17 -17
17 -1 44 24 40 15 -2 23 -10 23 -23z m1159 -509 c21 -9 48 -16 60 -16 23 0 53
-16 45 -24 -3 -3 -25 1 -50 8 -25 8 -61 13 -80 11 -19 -1 -38 1 -44 5 -5 5
-21 10 -34 12 -14 1 -26 8 -28 13 -5 17 86 10 131 -9z m271 14 c-3 -5 -11 -10
-16 -10 -6 0 -7 5 -4 10 3 6 11 10 16 10 6 0 7 -4 4 -10z m-1425 -79 c0 -5 -9
-7 -20 -4 -11 3 -20 7 -20 9 0 2 9 4 20 4 11 0 20 -4 20 -9z m-1581 -458 c25
-21 48 -41 49 -45 2 -5 12 -8 22 -8 25 0 44 -25 28 -37 -18 -13 -204 -83 -222
-83 -23 0 -29 19 -13 38 8 9 12 22 10 29 -2 6 1 14 6 18 6 3 11 14 11 24 0 10
7 24 15 31 8 7 15 20 15 29 0 16 18 41 28 41 3 0 26 -17 51 -37z m-704 -15 c4
-18 12 -46 20 -63 7 -16 16 -41 20 -55 6 -22 3 -21 -33 15 -39 38 -40 42 -35
88 6 55 19 61 28 15z m3293 -183 c-3 -3 -9 2 -12 12 -6 14 -5 15 5 6 7 -7 10
-15 7 -18z m-483 -524 c-3 -5 20 -13 50 -16 30 -4 58 -11 60 -15 3 -5 -21 -14
-52 -21 -32 -7 -62 -16 -67 -21 -16 -14 -26 -9 -36 17 -12 31 6 65 33 65 10 0
16 -4 12 -9z m533 -121 c0 -9 -3 -7 -8 5 -5 11 -8 29 -8 40 0 16 2 15 8 -5 4
-14 8 -32 8 -40z m-2138 -96 c0 -8 -4 -12 -10 -9 -5 3 -10 13 -10 21 0 8 5 12
10 9 6 -3 10 -13 10 -21z"/>
<path d="M4660 8234 c0 -4 8 -13 17 -20 10 -7 15 -16 11 -20 -4 -4 -14 -1 -22
5 -10 9 -16 9 -21 1 -8 -13 -9 -12 28 -28 16 -7 33 -10 38 -7 16 11 10 54 -10
65 -22 11 -41 13 -41 4z"/>
<path d="M4380 7860 c-13 -8 -13 -10 2 -10 9 0 20 5 23 10 8 13 -5 13 -25 0z"/>
<path d="M2698 7843 c-25 -6 -22 -23 7 -64 35 -47 53 -59 93 -59 25 0 41 8 62
30 17 18 31 26 35 20 9 -15 25 -12 25 5 0 24 -31 31 -45 11 -21 -27 -127 -23
-109 5 3 5 -9 15 -27 23 -29 12 -30 14 -13 24 20 12 6 14 -28 5z"/>
<path d="M2820 7840 c0 -3 18 -11 40 -17 30 -8 40 -7 37 1 -4 12 -77 27 -77
16z"/>
<path d="M2880 7583 c0 -16 40 -42 55 -37 7 3 16 1 19 -5 4 -6 13 -8 22 -4 24
9 -4 33 -40 33 -18 0 -37 5 -44 12 -9 9 -12 9 -12 1z"/>
<path d="M2790 7501 c0 -5 8 -12 19 -16 32 -10 171 -9 181 1 7 7 -7 10 -40 11
-27 0 -75 4 -105 8 -35 4 -55 3 -55 -4z"/>
<path d="M2852 7445 c31 -28 55 -31 83 -11 18 13 17 14 -17 14 -19 0 -45 5
-56 11 -34 18 -38 12 -10 -14z"/>
<path d="M1801 5375 c1 -19 18 -51 18 -35 0 8 -4 22 -9 30 -5 8 -9 11 -9 5z"/>
<path d="M2085 5310 c-9 -15 6 -60 21 -60 19 0 18 56 -1 63 -8 4 -17 2 -20 -3z"/>
<path d="M2880 5714 c0 -8 5 -12 10 -9 6 3 10 10 10 16 0 5 -4 9 -10 9 -5 0
-10 -7 -10 -16z"/>
<path d="M1730 8485 c0 -8 5 -15 10 -15 6 0 10 7 10 15 0 8 -4 15 -10 15 -5 0
-10 -7 -10 -15z"/>
<path d="M1665 8161 c-3 -5 0 -22 7 -37 10 -22 10 -28 0 -32 -6 -2 -12 -10
-12 -18 0 -8 -6 -25 -14 -37 -7 -12 -16 -47 -20 -79 -3 -31 -9 -63 -12 -72 -4
-10 -1 -16 7 -16 8 0 41 -11 74 -25 92 -38 184 -29 193 19 6 27 -27 81 -57 94
-29 13 -53 54 -65 110 -4 17 -11 32 -16 32 -5 0 -18 16 -30 35 -21 34 -43 44
-55 26z"/>
<path d="M5418 8154 c-53 -28 -56 -77 -3 -51 26 12 65 48 65 59 0 13 -32 9
-62 -8z"/>
<path d="M5566 8129 c10 -50 59 -128 115 -180 39 -36 49 -53 49 -77 0 -38 9
-40 38 -9 28 30 29 73 2 87 -24 13 -27 32 -4 23 14 -5 15 -1 9 28 -16 75 -68
133 -125 142 -19 3 -47 9 -62 12 -27 7 -28 6 -22 -26z"/>
<path d="M2030 8091 c0 -13 24 -31 43 -31 10 0 17 5 15 12 -5 13 -58 31 -58
19z"/>
<path d="M1950 8063 c0 -5 7 -17 15 -27 8 -11 15 -30 15 -43 0 -28 11 -30 27
-5 9 15 7 25 -9 50 -18 29 -49 44 -48 25z"/>
<path d="M1925 7939 c-4 -6 -5 -13 -2 -16 7 -7 27 6 27 18 0 12 -17 12 -25 -2z"/>
<path d="M3880 7930 c0 -12 65 -40 94 -40 12 0 31 6 41 14 18 13 18 14 -3 25
-26 14 -132 15 -132 1z"/>
<path d="M1390 7760 c-24 -8 -24 -8 5 -8 17 0 39 3 50 8 18 8 18 9 -5 8 -14 0
-36 -4 -50 -8z"/>
<path d="M4152 7720 c-14 -30 -8 -90 8 -90 11 0 21 30 14 41 -3 6 0 17 7 25 8
10 9 18 2 22 -5 4 -12 13 -14 20 -2 6 -10 -1 -17 -18z"/>
<path d="M3712 7660 c-12 -16 -22 -31 -22 -33 0 -3 17 -8 37 -12 21 -4 55 -15
75 -25 29 -14 38 -15 38 -5 0 17 -79 105 -94 105 -7 0 -22 -13 -34 -30z"/>
<path d="M1590 7601 c0 -11 11 -33 25 -49 14 -17 32 -45 40 -64 10 -23 14 -27
14 -13 1 28 -36 106 -60 128 -18 17 -19 17 -19 -2z"/>
<path d="M5454 7489 c-10 -18 21 -42 45 -34 28 8 27 31 -1 39 -32 8 -36 8 -44
-5z"/>
<path d="M6820 7472 c-73 -36 -89 -135 -30 -194 24 -23 37 -28 80 -28 44 0 56
4 81 29 16 16 29 34 29 40 0 17 -27 13 -34 -4 -10 -27 -70 -46 -105 -34 -64
23 -78 116 -24 159 37 29 76 25 118 -11 20 -18 38 -29 42 -26 11 12 -29 59
-62 73 -44 18 -53 18 -95 -4z"/>
<path d="M7896 7480 c-35 -11 -46 -26 -46 -61 0 -33 15 -46 78 -64 50 -15 66
-32 56 -59 -13 -33 -94 -26 -107 8 -10 24 -36 20 -30 -4 8 -30 42 -50 84 -50
51 0 69 8 80 36 16 43 -4 71 -66 90 -31 10 -61 26 -66 35 -22 42 68 70 93 29
15 -23 38 -27 38 -7 0 36 -64 62 -114 47z"/>
<path d="M9130 7472 c-73 -36 -89 -135 -30 -194 24 -23 37 -28 80 -28 44 0 56
4 81 29 16 16 29 34 29 40 0 17 -27 13 -34 -4 -10 -27 -70 -46 -105 -34 -64
23 -78 116 -24 159 37 29 76 25 118 -11 20 -18 38 -29 42 -26 11 12 -29 59
-62 73 -44 18 -53 18 -95 -4z"/>
<path d="M6060 7365 c0 -85 3 -115 13 -115 8 0 12 17 12 52 0 52 1 53 30 53
25 0 34 -8 59 -52 17 -29 36 -53 43 -53 18 0 16 9 -16 63 l-28 48 24 46 c25
50 29 73 13 73 -6 0 -19 -20 -30 -45 -13 -31 -27 -46 -44 -51 -44 -11 -56 1
-56 51 0 25 -4 45 -10 45 -6 0 -10 -45 -10 -115z"/>
<path d="M6347 7468 c-33 -78 -87 -212 -87 -215 0 -1 7 -3 15 -3 8 0 17 11 21
25 6 23 10 25 69 25 59 0 63 -2 69 -25 4 -14 13 -25 22 -25 18 0 18 2 -35 130
-37 89 -61 118 -74 88z m62 -130 c1 -5 -20 -8 -45 -8 -25 0 -44 3 -42 8 2 4
12 29 23 56 l19 50 22 -50 c13 -27 23 -52 23 -56z"/>
<path d="M6510 7365 c0 -94 3 -115 15 -115 11 0 15 19 17 91 l3 91 64 -91 c35
-50 70 -91 77 -91 11 0 14 25 14 115 0 94 -3 115 -15 115 -11 0 -15 -19 -17
-87 l-3 -86 -60 86 c-85 122 -95 118 -95 -28z"/>
<path d="M7040 7365 c0 -96 3 -115 15 -115 12 0 15 13 15 55 l0 55 60 0 60 0
0 -55 c0 -42 3 -55 15 -55 12 0 15 19 15 115 0 96 -3 115 -15 115 -11 0 -15
-12 -15 -50 l0 -50 -60 0 -60 0 0 50 c0 38 -4 50 -15 50 -12 0 -15 -19 -15
-115z"/>
<path d="M7308 7365 c-35 -86 -43 -115 -32 -115 8 0 20 11 26 25 10 23 17 25
70 25 53 0 59 -2 68 -25 5 -14 16 -25 24 -25 11 0 3 29 -32 115 -31 75 -52
115 -62 115 -10 0 -32 -41 -62 -115z m86 22 c9 -23 16 -46 16 -50 0 -4 -18 -7
-40 -7 -22 0 -40 3 -40 7 0 16 33 93 40 93 4 0 15 -19 24 -43z"/>
<path d="M7520 7366 c0 -95 3 -116 15 -116 11 0 15 19 17 89 l3 90 63 -90 c34
-49 69 -89 77 -89 12 0 15 20 15 115 0 94 -3 115 -15 115 -11 0 -15 -19 -17
-87 l-3 -88 -61 85 c-86 121 -94 119 -94 -24z"/>
<path d="M8050 7470 c0 -5 18 -10 40 -10 l40 0 0 -105 c0 -87 3 -105 15 -105
12 0 15 18 15 105 l0 105 35 0 c19 0 35 5 35 10 0 6 -37 10 -90 10 -53 0 -90
-4 -90 -10z"/>
<path d="M8282 7384 c3 -86 5 -98 27 -115 25 -20 81 -25 111 -9 26 14 40 63
40 146 0 59 -3 74 -15 74 -12 0 -15 -16 -15 -82 0 -89 -3 -99 -37 -117 -26
-13 -67 -1 -77 24 -3 9 -6 52 -6 96 0 66 -3 79 -16 79 -14 0 -15 -13 -12 -96z"/>
<path d="M8520 7365 l0 -115 55 0 c93 0 145 41 145 112 0 82 -42 118 -139 118
l-61 0 0 -115z m146 64 c18 -17 24 -33 24 -65 0 -55 -33 -84 -96 -84 l-44 0 0
83 c0 46 3 87 8 91 13 14 84 -2 108 -25z"/>
<path d="M8760 7474 c0 -3 18 -36 40 -73 30 -50 40 -78 40 -109 0 -31 4 -42
15 -42 11 0 15 12 15 48 0 26 6 56 13 67 8 11 26 41 41 68 23 38 25 47 12 47
-9 0 -30 -24 -47 -55 -17 -30 -35 -53 -39 -50 -5 3 -21 28 -36 55 -15 28 -33
50 -41 50 -7 0 -13 -3 -13 -6z"/>
<path d="M9350 7365 l0 -115 70 0 c56 0 70 3 70 15 0 12 -13 15 -55 15 l-55 0
0 40 0 40 50 0 c28 0 50 5 50 10 0 6 -22 10 -50 10 l-50 0 0 40 0 40 55 0 c30
0 55 5 55 10 0 6 -30 10 -70 10 l-70 0 0 -115z"/>
<path d="M9550 7365 c0 -94 3 -115 15 -115 11 0 15 19 17 88 l3 87 60 -87 c33
-48 66 -88 73 -88 9 0 12 30 12 115 0 70 -4 115 -10 115 -6 0 -10 -35 -10 -85
0 -47 -3 -85 -7 -85 -5 1 -34 39 -66 85 -32 47 -64 85 -72 85 -12 0 -15 -21
-15 -115z"/>
<path d="M9780 7470 c0 -5 18 -10 40 -10 l40 0 0 -105 c0 -87 3 -105 15 -105
12 0 15 18 15 105 l0 105 35 0 c19 0 35 5 35 10 0 6 -37 10 -90 10 -53 0 -90
-4 -90 -10z"/>
<path d="M10010 7365 l0 -115 76 0 c56 0 75 3 72 13 -3 7 -27 13 -61 15 l-57
3 0 39 0 40 50 0 c28 0 50 5 50 10 0 6 -22 10 -50 10 l-50 0 0 40 0 40 55 0
c30 0 55 5 55 10 0 6 -30 10 -70 10 l-70 0 0 -115z"/>
<path d="M10210 7365 c0 -96 3 -115 15 -115 11 0 15 11 15 40 0 37 2 40 29 40
22 0 35 -9 56 -40 15 -22 34 -40 41 -40 19 0 18 6 -10 46 l-24 35 24 24 c30
30 32 77 4 105 -16 16 -33 20 -85 20 l-65 0 0 -115z m114 85 c20 -7 26 -17 26
-39 0 -36 -22 -51 -74 -51 -36 0 -36 0 -36 43 0 24 3 47 7 50 9 10 48 8 77 -3z"/>
<path d="M1700 7370 c0 -8 5 -22 10 -30 9 -13 10 -13 10 0 0 8 -5 22 -10 30
-9 13 -10 13 -10 0z"/>
<path d="M1650 7296 c0 -9 5 -16 10 -16 6 0 10 4 10 9 0 6 -4 13 -10 16 -5 3
-10 -1 -10 -9z"/>
<path d="M5506 7185 c3 -16 13 -84 23 -150 14 -94 20 -114 26 -92 14 54 0 168
-28 222 -21 40 -25 44 -21 20z"/>
<path d="M6034 7186 c-3 -8 -12 -12 -19 -10 -7 3 -16 1 -20 -5 -4 -7 14 -11
54 -11 59 0 61 1 49 20 -15 23 -56 27 -64 6z"/>
<path d="M3595 6797 c6 -49 28 -86 63 -109 49 -32 66 -38 83 -28 19 13 -12 53
-89 112 -53 41 -60 45 -57 25z"/>
<path d="M3520 6651 c-15 -29 -12 -40 10 -34 13 3 20 14 20 29 0 29 -15 31
-30 5z"/>
<path d="M3708 6573 c7 -3 16 -2 19 1 4 3 -2 6 -13 5 -11 0 -14 -3 -6 -6z"/>
<path d="M2481 6444 c0 -11 3 -14 6 -6 3 7 2 16 -1 19 -3 4 -6 -2 -5 -13z"/>
<path d="M3476 6342 c-3 -6 -1 -14 5 -17 15 -10 25 3 12 16 -7 7 -13 7 -17 1z"/>
<path d="M4132 6168 c-16 -16 -15 -28 3 -28 8 0 15 9 15 20 0 23 -2 24 -18 8z"/>
<path d="M6183 5910 c0 -41 2 -58 4 -38 3 24 11 42 23 48 23 12 37 -4 43 -50
3 -31 4 -29 5 11 2 50 -12 65 -49 54 -13 -5 -19 1 -22 22 -2 15 -4 -6 -4 -47z"/>
<path d="M7000 5955 c0 -22 -3 -24 -28 -19 -34 7 -62 -16 -62 -50 0 -32 21
-47 64 -44 l36 3 0 68 c0 37 -2 67 -5 67 -3 0 -5 -11 -5 -25z m-10 -55 c7 -14
6 -23 -6 -34 -21 -21 -41 -20 -54 3 -13 25 -13 27 5 45 18 18 41 11 55 -14z"/>
<path d="M7925 5970 c-3 -5 1 -10 10 -10 9 0 13 5 10 10 -3 6 -8 10 -10 10 -2
0 -7 -4 -10 -10z"/>
<path d="M8670 5953 c-15 -17 -19 -28 -12 -31 7 -2 12 -21 12 -43 0 -21 5 -39
10 -39 6 0 10 18 10 40 0 29 4 40 15 40 8 0 15 5 15 10 0 6 -7 10 -15 10 -20
0 -19 17 3 29 14 9 14 10 1 11 -8 0 -26 -12 -39 -27z"/>
<path d="M8870 5910 c0 -40 4 -70 10 -70 6 0 10 15 10 34 0 71 55 69 63 -2 l4
-37 1 41 c2 47 -16 69 -48 61 -16 -4 -20 0 -20 19 0 13 -4 24 -10 24 -6 0 -10
-30 -10 -70z"/>
<path d="M9160 5912 l0 -69 37 -1 c45 -2 63 12 63 48 0 35 -22 54 -55 46 -22
-6 -25 -3 -25 19 0 14 -4 25 -10 25 -6 0 -10 -29 -10 -68z m90 -21 c0 -28 -28
-47 -48 -34 -24 15 -27 44 -7 59 22 17 55 1 55 -25z"/>
<path d="M10163 5910 c-1 -69 0 -72 8 -33 16 67 56 65 69 -3 l8 -39 1 41 c1
48 -17 69 -53 60 -21 -5 -25 -2 -29 21 -2 16 -4 -6 -4 -47z"/>
<path d="M10280 5970 c0 -5 5 -10 10 -10 6 0 10 5 10 10 0 6 -4 10 -10 10 -5
0 -10 -4 -10 -10z"/>
<path d="M6591 5956 c-19 -23 -7 -42 34 -56 25 -8 35 -17 33 -28 -4 -23 -32
-26 -52 -6 -20 20 -34 11 -16 -11 17 -21 67 -19 78 3 14 26 5 40 -34 52 -24 8
-34 17 -32 28 5 24 39 27 56 6 13 -18 14 -18 10 1 -4 26 -59 33 -77 11z"/>
<path d="M7219 5960 c-34 -20 -31 -88 5 -112 20 -14 63 -8 79 10 27 29 20 35
-12 11 -29 -21 -31 -21 -55 -5 -16 10 -26 26 -26 41 0 46 53 73 80 40 7 -8 17
-15 23 -15 5 0 2 9 -8 20 -19 21 -59 26 -86 10z"/>
<path d="M9669 5960 c-34 -20 -31 -88 5 -112 20 -14 63 -8 79 10 27 29 20 35
-12 11 -29 -21 -31 -21 -55 -5 -16 10 -26 26 -26 41 0 46 53 73 80 40 7 -8 17
-15 23 -15 5 0 2 9 -8 20 -19 21 -59 26 -86 10z"/>
<path d="M6711 5943 c-9 -10 -10 -17 -3 -22 6 -3 12 -22 14 -41 2 -26 8 -36
23 -38 19 -3 19 -2 3 11 -22 18 -24 67 -3 67 8 0 15 5 15 10 0 6 -6 10 -14 10
-8 0 -16 4 -18 9 -1 5 -9 2 -17 -6z"/>
<path d="M7603 5948 c-8 -9 -9 -26 -4 -50 11 -47 19 -58 39 -58 16 1 16 1 0
11 -23 13 -25 69 -3 69 8 0 15 5 15 10 0 6 -6 10 -14 10 -8 0 -16 5 -18 11 -2
7 -8 6 -15 -3z"/>
<path d="M8790 5942 c-10 -11 -11 -17 -2 -20 7 -2 12 -19 12 -37 0 -21 6 -35
16 -39 29 -11 39 -6 16 10 -25 17 -30 64 -7 64 8 0 15 5 15 10 0 6 -6 10 -14
10 -8 0 -16 4 -18 9 -1 5 -10 2 -18 -7z"/>
<path d="M9523 5948 c-8 -9 -9 -26 -4 -50 11 -47 19 -58 39 -58 16 1 16 1 0
11 -23 13 -25 69 -3 69 8 0 15 5 15 10 0 6 -6 10 -14 10 -8 0 -16 5 -18 11 -2
7 -8 6 -15 -3z"/>
<path d="M6310 5925 c-15 -18 1 -20 18 -3 10 10 16 8 29 -5 16 -16 16 -17 -8
-17 -14 0 -34 -6 -44 -14 -28 -21 -4 -47 41 -43 32 2 34 4 34 38 0 54 -41 79
-70 44z m48 -57 c-3 -7 -13 -13 -23 -13 -10 0 -20 6 -22 13 -3 7 5 12 22 12
17 0 25 -5 23 -12z"/>
<path d="M6422 5885 c1 -43 2 -45 5 -13 3 24 11 42 23 48 23 12 37 -4 43 -50
3 -30 4 -28 5 13 2 49 2 49 -50 51 -27 2 -28 0 -26 -49z"/>
<path d="M6792 5904 c-2 -49 12 -64 56 -61 31 2 32 3 32 50 0 26 -4 47 -10 47
-5 0 -10 -18 -10 -39 0 -70 -55 -63 -63 7 l-4 37 -1 -41z"/>
<path d="M7040 5932 c0 -7 8 -29 19 -50 20 -40 18 -62 -5 -62 -8 0 -14 -4 -14
-10 0 -14 26 -12 37 3 14 18 54 120 49 125 -3 2 -13 -13 -24 -34 l-19 -38 -21
40 c-12 21 -21 33 -22 26z"/>
<path d="M7368 5929 c-21 -12 -24 -59 -6 -77 17 -17 53 -15 68 3 15 18 7 19
-20 3 -16 -10 -23 -10 -37 5 -16 16 -15 17 25 17 35 0 42 3 42 20 0 10 -9 24
-19 30 -24 12 -31 12 -53 -1z m62 -24 c0 -3 -17 -5 -37 -5 -35 1 -37 2 -19 15
13 10 24 11 37 4 11 -5 19 -12 19 -14z"/>
<path d="M7471 5885 l1 -50 9 42 c16 67 56 65 69 -3 l8 -39 1 41 c1 49 -13 64
-57 61 -32 -2 -32 -3 -31 -52z"/>
<path d="M7686 5924 c-21 -20 -20 -48 0 -69 19 -19 65 -16 72 3 3 11 0 12 -16
3 -11 -6 -28 -8 -36 -5 -29 11 -16 24 24 24 44 0 52 16 22 43 -23 21 -46 22
-66 1z m48 0 c26 -10 18 -24 -14 -24 -30 0 -41 14 -17 23 6 3 13 6 14 6 1 1 8
-2 17 -5z"/>
<path d="M7802 5890 c0 -30 2 -46 5 -35 2 11 6 30 9 43 2 12 11 22 19 22 8 0
15 5 15 10 0 7 -6 7 -19 0 -14 -7 -21 -6 -24 3 -3 6 -5 -13 -5 -43z"/>
<path d="M7933 5890 c0 -30 2 -43 4 -27 2 15 2 39 0 55 -2 15 -4 2 -4 -28z"/>
<path d="M7982 5928 c-19 -19 -15 -27 25 -43 28 -12 34 -18 25 -27 -10 -10
-17 -10 -32 0 -27 16 -35 15 -20 -4 18 -20 64 -14 68 9 3 13 -6 22 -27 30 -17
6 -31 15 -31 19 0 14 22 20 33 9 17 -17 31 -13 17 4 -15 18 -42 19 -58 3z"/>
<path d="M8135 5920 c-24 -27 -13 -68 22 -76 33 -9 57 6 61 38 6 50 -49 76
-83 38z m71 -22 c8 -27 -17 -52 -45 -43 -26 8 -29 50 -4 63 22 13 41 5 49 -20z"/>
<path d="M8251 5885 l1 -50 9 42 c16 67 56 65 69 -3 l8 -39 1 41 c1 49 -13 64
-57 61 -32 -2 -32 -3 -31 -52z"/>
<path d="M8385 5924 c-19 -20 -16 -63 6 -77 18 -11 69 -2 69 13 0 6 -11 5 -25
-2 -21 -10 -29 -9 -43 5 -15 16 -14 17 25 17 49 0 58 9 37 38 -18 26 -46 28
-69 6z m42 -22 c-34 -4 -48 5 -27 18 8 5 22 4 34 -3 20 -11 20 -12 -7 -15z"/>
<path d="M8544 5915 c-15 -23 -15 -27 0 -50 30 -45 86 -28 86 27 0 49 -59 65
-86 23z m76 -24 c0 -28 -28 -47 -48 -34 -24 15 -27 44 -7 59 22 17 55 1 55
-25z"/>
<path d="M9006 5924 c-21 -20 -20 -48 0 -69 19 -19 65 -16 72 3 3 11 0 12 -16
3 -11 -6 -28 -8 -36 -5 -29 11 -16 24 24 24 44 0 52 16 22 43 -23 21 -46 22
-66 1z m48 0 c26 -10 18 -24 -14 -24 -30 0 -41 14 -17 23 6 3 13 6 14 6 1 1 8
-2 17 -5z"/>
<path d="M9302 5928 c-7 -7 -12 -24 -12 -38 0 -14 5 -31 12 -38 17 -17 53 -15
68 3 15 18 7 19 -20 3 -16 -10 -23 -10 -37 5 -16 16 -15 17 25 17 35 0 42 3
42 20 0 33 -54 52 -78 28z m68 -23 c0 -3 -17 -5 -37 -5 -35 1 -37 2 -19 15 13
10 24 11 37 4 11 -5 19 -12 19 -14z"/>
<path d="M9413 5924 c-7 -18 19 -44 44 -44 7 0 13 -7 13 -15 0 -18 -31 -20
-49 -2 -11 10 -13 9 -9 -3 6 -20 52 -25 66 -8 14 17 5 30 -32 46 -23 10 -27
15 -16 22 8 5 22 4 33 -2 15 -8 18 -7 15 4 -7 20 -57 23 -65 2z"/>
<path d="M9804 5915 c-15 -23 -15 -27 0 -50 30 -45 86 -28 86 27 0 49 -59 65
-86 23z m76 -24 c0 -28 -28 -47 -48 -34 -24 15 -27 44 -7 59 22 17 55 1 55
-25z"/>
<path d="M9929 5923 c-12 -15 -12 -16 6 -9 22 8 25 9 43 7 22 -2 13 -21 -10
-21 -33 0 -51 -14 -46 -36 2 -15 13 -19 47 -20 l43 -2 -5 40 c-8 57 -48 78
-78 41z m49 -59 c-9 -9 -24 -14 -32 -11 -27 11 -17 27 16 27 30 0 31 -1 16
-16z"/>
<path d="M10044 5915 c-15 -23 -15 -27 0 -50 18 -27 54 -33 74 -13 21 21 13
32 -9 12 -24 -21 -52 -10 -57 24 -5 30 29 45 56 26 12 -8 22 -11 22 -5 0 12
-33 31 -54 31 -9 0 -23 -11 -32 -25z"/>
<path d="M10287 5933 c-11 -10 -8 -93 3 -93 6 0 10 23 10 50 0 51 -1 55 -13
43z"/>
<path d="M10342 5885 c1 -43 2 -45 5 -13 3 24 11 42 23 48 23 12 37 -4 43 -50
3 -30 4 -28 5 13 2 49 2 49 -50 51 -27 2 -28 0 -26 -49z"/>
<path d="M10466 5924 c-9 -8 -16 -23 -16 -33 0 -27 35 -54 59 -46 15 4 21 2
21 -8 0 -19 -30 -31 -44 -17 -16 16 -30 12 -16 -5 7 -8 21 -15 31 -15 32 0 49
28 49 83 l0 52 -34 2 c-21 2 -41 -3 -50 -13z m62 -31 c-3 -32 -44 -46 -54 -19
-10 26 4 46 31 46 23 0 26 -4 23 -27z"/>
<path d="M6113 5713 c-4 -10 -11 -21 -17 -25 -8 -6 -7 -10 1 -16 6 -4 13 -25
16 -47 l4 -40 1 43 c2 35 5 42 22 42 11 0 20 5 20 10 0 6 -9 10 -20 10 -23 0
-17 27 8 33 12 3 10 5 -6 6 -13 1 -25 -6 -29 -16z"/>
<path d="M6787 5656 c-14 -42 -22 -76 -18 -76 9 0 55 140 48 146 -3 3 -16 -29
-30 -70z"/>
<path d="M7421 5659 c-12 -39 -20 -73 -17 -76 6 -7 17 20 40 95 23 79 3 62
-23 -19z"/>
<path d="M7921 5659 c-12 -39 -20 -73 -17 -76 6 -7 17 20 40 95 23 79 3 62
-23 -19z"/>
<path d="M8970 5704 c0 -21 -4 -24 -20 -19 -31 10 -60 -12 -60 -44 0 -37 19
-52 64 -49 l36 3 0 68 c0 38 -4 67 -10 67 -5 0 -10 -12 -10 -26z m0 -63 c0
-28 -28 -47 -48 -34 -24 15 -27 44 -7 59 22 17 55 1 55 -25z"/>
<path d="M9313 5660 c-1 -69 0 -72 8 -33 16 67 56 65 69 -3 l8 -39 1 41 c1 48
-17 69 -53 60 -21 -5 -25 -2 -29 21 -2 16 -4 -6 -4 -47z"/>
<path d="M6430 5655 c0 -37 4 -65 10 -65 6 0 10 28 10 65 0 37 -4 65 -10 65
-6 0 -10 -28 -10 -65z"/>
<path d="M6491 5706 c-19 -23 -7 -42 34 -56 25 -8 35 -17 33 -28 -4 -23 -32
-26 -52 -6 -20 20 -34 11 -16 -11 17 -21 67 -19 78 3 14 26 5 40 -34 52 -24 8
-34 17 -32 28 5 24 39 27 56 6 13 -18 14 -18 10 1 -4 26 -59 33 -77 11z"/>
<path d="M6629 5710 c-34 -20 -31 -88 5 -112 20 -14 63 -8 79 10 27 29 20 35
-12 11 -29 -21 -31 -21 -55 -5 -16 10 -26 26 -26 41 0 46 53 73 80 40 7 -8 17
-15 23 -15 5 0 2 9 -8 20 -19 21 -59 26 -86 10z"/>
<path d="M6863 5655 c0 -38 2 -53 4 -32 2 20 2 52 0 70 -2 17 -4 1 -4 -38z"/>
<path d="M6927 5702 c-37 -41 -10 -112 42 -112 31 0 61 18 61 35 0 11 -5 10
-20 -5 -11 -11 -27 -20 -35 -20 -8 0 -24 9 -35 20 -11 11 -20 27 -20 35 0 18
35 55 53 55 7 0 23 -7 35 -16 12 -8 22 -11 22 -5 0 31 -78 41 -103 13z"/>
<path d="M7092 5713 c-23 -9 -34 -54 -21 -85 20 -48 78 -51 111 -7 42 57 -20
120 -90 92z m70 -20 c26 -23 23 -59 -7 -79 -23 -15 -27 -15 -50 0 -29 19 -33
56 -9 80 20 21 43 20 66 -1z"/>
<path d="M7232 5653 c1 -67 1 -67 7 -18 l6 50 19 -27 c23 -35 39 -35 56 -3 20
37 28 31 33 -22 3 -40 4 -37 5 20 1 37 -1 67 -5 67 -5 0 -19 -17 -32 -37 l-24
-37 -23 30 c-13 16 -24 32 -24 37 0 4 -4 7 -10 7 -6 0 -9 -28 -8 -67z"/>
<path d="M7500 5655 l0 -65 34 0 c42 0 54 15 54 65 -1 51 -13 65 -54 65 l-34
0 0 -65z m65 30 c0 -31 -49 -28 -53 3 -3 20 0 23 25 20 20 -2 28 -8 28 -23z
m11 -47 c9 -13 -25 -40 -46 -36 -8 2 -16 13 -18 26 -3 19 1 22 27 22 16 0 33
-5 37 -12z"/>
<path d="M7627 5713 c-18 -17 -5 -44 30 -60 44 -21 52 -39 23 -48 -14 -4 -28
-1 -41 11 -10 9 -19 12 -19 7 0 -19 28 -34 57 -31 22 2 29 9 31 29 3 22 -3 28
-39 42 -36 14 -40 19 -29 32 16 19 29 19 52 -2 16 -14 18 -14 18 -1 0 24 -65
40 -83 21z"/>
<path d="M7757 5702 c-37 -41 -10 -112 42 -112 31 0 61 18 61 35 0 11 -5 10
-20 -5 -11 -11 -27 -20 -35 -20 -8 0 -24 9 -35 20 -11 11 -20 27 -20 35 0 18
35 55 53 55 7 0 23 -7 35 -16 12 -8 22 -11 22 -5 0 31 -78 41 -103 13z"/>
<path d="M8000 5655 l0 -65 34 0 c42 0 54 15 54 65 -1 51 -13 65 -54 65 l-34
0 0 -65z m65 30 c0 -31 -49 -28 -53 3 -3 20 0 23 25 20 20 -2 28 -8 28 -23z
m11 -47 c9 -13 -25 -40 -46 -36 -8 2 -16 13 -18 26 -3 19 1 22 27 22 16 0 33
-5 37 -12z"/>
<path d="M8136 5704 c-25 -24 -24 -68 1 -96 20 -22 66 -23 87 -2 27 27 18 36
-13 13 -29 -21 -31 -21 -55 -5 -31 20 -34 56 -8 79 23 21 46 22 67 1 9 -9 19
-13 23 -9 11 11 -29 35 -59 35 -15 0 -35 -7 -43 -16z"/>
<path d="M8286 5698 c-9 -12 -16 -33 -16 -45 0 -53 78 -84 113 -45 22 25 21
75 -1 95 -27 25 -78 22 -96 -5z m84 -6 c45 -37 1 -103 -54 -82 -35 13 -39 64
-8 88 22 17 36 15 62 -6z"/>
<path d="M8442 5655 c1 -67 1 -68 7 -20 l6 50 23 -30 22 -30 25 30 25 30 0
-47 c0 -27 5 -48 10 -48 6 0 10 28 10 65 0 36 -4 65 -9 65 -5 0 -19 -16 -31
-35 -20 -32 -40 -46 -40 -27 0 4 -11 21 -25 37 l-24 30 1 -70z"/>
<path d="M9092 5713 c-23 -9 -34 -54 -21 -85 20 -48 78 -51 111 -7 42 57 -20
120 -90 92z m70 -20 c26 -23 23 -59 -7 -79 -23 -15 -27 -15 -50 0 -29 19 -33
56 -9 80 20 21 43 20 66 -1z"/>
<path d="M9697 5702 c-37 -41 -10 -112 42 -112 31 0 61 18 61 35 0 11 -5 10
-20 -5 -11 -11 -27 -20 -35 -20 -8 0 -24 9 -35 20 -11 11 -20 27 -20 35 0 18
35 55 53 55 7 0 23 -7 35 -16 12 -8 22 -11 22 -5 0 31 -78 41 -103 13z"/>
<path d="M9231 5693 c-9 -10 -10 -17 -3 -22 6 -3 12 -22 14 -41 2 -26 8 -36
23 -38 19 -3 19 -2 3 11 -22 18 -24 67 -3 67 8 0 15 5 15 10 0 6 -6 10 -14 10
-8 0 -16 4 -18 9 -1 5 -9 2 -17 -6z"/>
<path d="M5970 5638 c0 -27 5 -48 10 -48 6 0 10 15 10 34 0 24 7 38 23 49 22
16 22 16 -10 14 -32 -2 -33 -3 -33 -49z"/>
<path d="M6184 5665 c-15 -23 -15 -27 0 -50 30 -45 86 -28 86 27 0 49 -59 65
-86 23z m76 -24 c0 -28 -28 -47 -48 -34 -24 15 -27 44 -7 59 22 17 55 1 55
-25z"/>
<path d="M6323 5683 c-20 -4 -23 -11 -23 -49 0 -24 5 -44 10 -44 6 0 10 16 10
36 0 27 5 37 20 41 18 5 30 25 13 22 -5 -1 -18 -4 -30 -6z"/>
<path d="M8659 5673 c-12 -15 -12 -16 6 -9 22 8 25 9 43 7 22 -2 13 -21 -10
-21 -33 0 -51 -14 -46 -36 2 -15 13 -19 47 -20 l43 -2 -5 40 c-8 57 -48 78
-78 41z m49 -59 c-9 -9 -24 -14 -32 -11 -27 11 -17 27 16 27 30 0 31 -1 16
-16z"/>
<path d="M8771 5636 l1 -51 8 39 c13 68 60 72 60 5 0 -21 5 -39 10 -39 13 0
13 60 0 80 -5 8 -25 15 -44 15 l-36 2 1 -51z"/>
<path d="M9445 5674 c-19 -20 -16 -63 6 -77 18 -11 69 -2 69 13 0 6 -11 5 -25
-2 -21 -10 -29 -9 -43 5 -15 16 -14 17 25 17 49 0 58 9 37 38 -18 26 -46 28
-69 6z m42 -22 c-34 -4 -48 5 -27 18 8 5 22 4 34 -3 20 -11 20 -12 -7 -15z"/>
<path d="M9573 5683 c-20 -4 -23 -11 -23 -49 0 -24 5 -44 10 -44 6 0 10 16 10
36 0 27 5 37 20 41 18 5 30 25 13 22 -5 -1 -18 -4 -30 -6z"/>
<path d="M9846 5674 c-19 -18 -21 -55 -4 -72 28 -28 88 -2 88 38 0 10 -7 26
-16 34 -8 9 -24 16 -34 16 -10 0 -26 -7 -34 -16z m64 -24 c7 -14 6 -23 -6 -34
-21 -21 -41 -20 -54 3 -13 25 -13 27 5 45 18 18 41 11 55 -14z"/>
<path d="M9962 5654 c-2 -49 12 -64 56 -61 31 2 32 3 32 50 0 26 -4 47 -10 47
-5 0 -10 -18 -10 -39 0 -70 -55 -63 -63 7 l-4 37 -1 -41z"/>
<path d="M10103 5683 c-20 -4 -23 -11 -23 -49 0 -24 5 -44 10 -44 6 0 10 16
10 36 0 27 5 37 20 41 18 5 30 25 13 22 -5 -1 -18 -4 -30 -6z"/>
<path d="M10171 5681 c-20 -13 -6 -39 24 -47 14 -3 25 -12 25 -20 0 -17 -31
-18 -49 -1 -11 10 -13 9 -9 -3 7 -23 72 -20 76 3 3 12 -6 21 -27 28 -17 6 -31
15 -31 19 0 16 21 23 33 11 17 -17 31 -13 17 4 -14 17 -38 19 -59 6z"/>
<path d="M10276 5674 c-21 -20 -20 -48 0 -69 19 -19 65 -16 72 3 3 11 0 12
-16 3 -11 -6 -28 -8 -36 -5 -29 11 -16 24 24 24 44 0 52 16 22 43 -23 21 -46
22 -66 1z m48 0 c26 -10 18 -24 -14 -24 -30 0 -41 14 -17 23 6 3 13 6 14 6 1
1 8 -2 17 -5z"/>
<path d="M10392 5678 c-19 -19 -15 -27 25 -43 28 -12 34 -18 25 -27 -10 -10
-17 -10 -32 0 -27 16 -35 15 -20 -4 18 -20 64 -14 68 9 3 13 -6 22 -27 30 -17
6 -31 15 -31 19 0 14 22 20 33 9 17 -17 31 -13 17 4 -15 18 -42 19 -58 3z"/>
<path d="M10530 5600 c0 -5 5 -10 10 -10 6 0 10 5 10 10 0 6 -4 10 -10 10 -5
0 -10 -4 -10 -10z"/>
<path d="M6185 5460 c-3 -5 -1 -10 4 -10 6 0 11 5 11 10 0 6 -2 10 -4 10 -3 0
-8 -4 -11 -10z"/>
<path d="M6320 5445 c0 -22 -3 -25 -25 -19 -18 4 -32 1 -45 -11 -41 -37 -13
-87 46 -82 l34 2 0 68 c0 37 -2 67 -5 67 -3 0 -5 -11 -5 -25z m-4 -57 c8 -27
-17 -52 -45 -43 -26 8 -29 50 -4 63 22 13 41 5 49 -20z"/>
<path d="M6763 5400 c0 -41 2 -58 4 -38 3 24 11 42 23 48 23 12 37 -4 43 -50
3 -31 4 -29 5 11 2 50 -12 65 -49 54 -13 -5 -19 1 -22 22 -2 15 -4 -6 -4 -47z"/>
<path d="M7051 5405 l-1 -71 35 -2 c27 -2 38 3 51 23 15 23 15 27 -1 51 -14
21 -22 25 -45 20 -25 -5 -29 -2 -33 22 -2 15 -5 -5 -6 -43z m79 -24 c0 -28
-28 -47 -48 -34 -24 15 -27 44 -7 59 22 17 55 1 55 -25z"/>
<path d="M7933 5400 c0 -41 2 -58 4 -37 2 20 2 54 0 75 -2 20 -4 3 -4 -38z"/>
<path d="M7975 5460 c-3 -5 1 -10 10 -10 9 0 13 5 10 10 -3 6 -8 10 -10 10 -2
0 -7 -4 -10 -10z"/>
<path d="M8403 5453 c-4 -10 -11 -21 -17 -25 -8 -6 -7 -10 1 -16 6 -4 13 -25
16 -47 l4 -40 1 43 c2 30 6 42 17 42 8 0 15 5 15 10 0 6 -7 10 -15 10 -23 0
-18 19 8 30 l22 9 -23 0 c-13 1 -25 -7 -29 -16z"/>
<path d="M8710 5445 c0 -22 -3 -25 -25 -19 -18 4 -32 1 -45 -11 -41 -37 -13
-87 46 -82 l34 2 0 68 c0 37 -2 67 -5 67 -3 0 -5 -11 -5 -25z m-4 -57 c8 -27
-17 -52 -45 -43 -26 8 -29 50 -4 63 22 13 41 5 49 -20z"/>
<path d="M9200 5460 c0 -5 5 -10 11 -10 5 0 7 5 4 10 -3 6 -8 10 -11 10 -2 0
-4 -4 -4 -10z"/>
<path d="M10223 5400 c-1 -69 0 -72 8 -33 16 67 56 65 69 -3 l8 -39 1 41 c1
48 -17 69 -53 60 -21 -5 -25 -2 -29 21 -2 16 -4 -6 -4 -47z"/>
<path d="M5750 5395 c0 -37 4 -65 10 -65 6 0 10 9 10 20 0 12 7 20 18 20 24 0
62 28 62 45 0 24 -30 45 -66 45 l-34 0 0 -65z m68 46 c23 -14 10 -46 -21 -49
-24 -3 -27 0 -27 27 0 32 19 41 48 22z"/>
<path d="M6648 5453 c20 -4 22 -10 22 -64 0 -33 4 -59 10 -59 6 0 10 26 10 59
0 54 2 60 23 64 12 2 -3 4 -33 4 -30 0 -45 -2 -32 -4z"/>
<path d="M7552 5453 c-7 -3 -18 -17 -23 -31 -14 -38 6 -82 42 -89 15 -3 30
-11 33 -19 3 -8 16 -13 28 -13 17 1 18 2 6 6 -23 6 -23 18 3 52 43 59 -18 123
-89 94z m70 -20 c26 -23 23 -59 -7 -79 -23 -15 -27 -15 -50 0 -29 19 -33 56
-9 80 20 21 43 20 66 -1z"/>
<path d="M8520 5395 l0 -65 43 1 42 2 -35 6 c-26 4 -36 12 -38 29 -3 19 1 22
30 23 l33 1 -30 7 c-21 4 -31 13 -33 28 -3 19 2 22 35 26 l38 4 -42 1 -43 2 0
-65z"/>
<path d="M9602 5395 c1 -67 1 -68 7 -20 l6 50 23 -30 22 -30 25 30 25 30 0
-47 c0 -27 5 -48 10 -48 6 0 10 28 10 65 0 36 -4 65 -9 65 -5 0 -19 -16 -31
-35 -20 -32 -40 -46 -40 -27 0 4 -11 21 -25 37 l-24 30 1 -70z"/>
<path d="M7401 5433 c-9 -10 -10 -17 -3 -22 6 -3 12 -22 14 -41 2 -26 8 -36
23 -38 19 -3 19 -2 3 11 -22 18 -24 67 -3 67 8 0 15 5 15 10 0 6 -6 10 -14 10
-8 0 -16 4 -18 9 -1 5 -9 2 -17 -6z"/>
<path d="M8031 5433 c-9 -10 -10 -17 -3 -22 6 -3 12 -22 14 -41 2 -26 8 -36
23 -38 19 -3 19 -2 3 11 -22 18 -24 67 -3 67 8 0 15 5 15 10 0 6 -6 10 -14 10
-8 0 -16 4 -18 9 -1 5 -9 2 -17 -6z"/>
<path d="M9121 5433 c-9 -10 -10 -17 -3 -22 6 -3 12 -22 14 -41 2 -26 8 -36
23 -38 19 -3 19 -2 3 11 -22 18 -24 67 -3 67 8 0 15 5 15 10 0 6 -6 10 -14 10
-8 0 -16 4 -18 9 -1 5 -9 2 -17 -6z"/>
<path d="M10141 5433 c-9 -10 -10 -17 -3 -22 6 -3 12 -22 14 -41 2 -26 8 -36
23 -38 19 -3 19 -2 3 11 -22 18 -24 67 -3 67 8 0 15 5 15 10 0 6 -6 10 -14 10
-8 0 -16 4 -18 9 -1 5 -9 2 -17 -6z"/>
<path d="M5882 5375 c1 -45 2 -46 5 -11 3 27 10 40 24 43 27 8 23 21 -6 19
-23 -1 -25 -4 -23 -51z"/>
<path d="M5966 5414 c-19 -18 -21 -55 -4 -72 28 -28 88 -2 88 38 0 10 -7 26
-16 34 -8 9 -24 16 -34 16 -10 0 -26 -7 -34 -16z m62 -35 c3 -28 -16 -43 -42
-33 -38 14 -27 67 13 62 20 -2 27 -9 29 -29z"/>
<path d="M6070 5428 c0 -11 39 -98 44 -98 10 0 47 81 43 93 -2 7 -11 -5 -20
-26 -15 -35 -37 -43 -37 -13 0 13 -29 56 -30 44z"/>
<path d="M6193 5380 c0 -30 2 -43 4 -27 2 15 2 39 0 55 -2 15 -4 2 -4 -28z"/>
<path d="M6376 5414 c-21 -20 -20 -48 0 -69 19 -19 65 -16 72 3 3 11 0 12 -16
3 -11 -6 -28 -8 -36 -5 -29 11 -16 24 24 24 44 0 52 16 22 43 -23 21 -46 22
-66 1z m48 0 c26 -10 18 -24 -14 -24 -30 0 -41 14 -17 23 6 3 13 6 14 6 1 1 8
-2 17 -5z"/>
<path d="M6492 5418 c-19 -19 -15 -27 25 -43 28 -12 34 -18 25 -27 -10 -10
-17 -10 -32 0 -27 16 -35 15 -20 -4 18 -20 64 -14 68 9 3 13 -6 22 -27 30 -17
6 -31 15 -31 19 0 14 22 20 33 9 17 -17 31 -13 17 4 -15 18 -42 19 -58 3z"/>
<path d="M6886 5414 c-21 -20 -20 -48 0 -69 19 -19 65 -16 72 3 3 11 0 12 -16
3 -11 -6 -28 -8 -36 -5 -29 11 -16 24 24 24 44 0 52 16 22 43 -23 21 -46 22
-66 1z m48 0 c26 -10 18 -24 -14 -24 -30 0 -41 14 -17 23 6 3 13 6 14 6 1 1 8
-2 17 -5z"/>
<path d="M7185 5414 c-19 -20 -16 -63 6 -77 18 -11 69 -2 69 13 0 6 -11 5 -25
-2 -21 -10 -29 -9 -43 5 -15 16 -14 17 25 17 49 0 58 9 37 38 -18 26 -46 28
-69 6z m42 -22 c-34 -4 -48 5 -27 18 8 5 22 4 34 -3 20 -11 20 -12 -7 -15z"/>
<path d="M7301 5421 c-20 -13 -6 -39 24 -47 14 -3 25 -12 25 -20 0 -17 -31
-18 -49 -1 -11 10 -13 9 -9 -3 7 -23 72 -20 76 3 3 12 -6 21 -27 28 -17 6 -31
15 -31 19 0 16 21 23 33 11 17 -17 31 -13 17 4 -14 17 -38 19 -59 6z"/>
<path d="M7686 5417 c-5 -10 -5 -32 1 -50 8 -28 13 -32 46 -33 l37 -1 -2 51
c-1 42 -2 45 -5 14 -8 -73 -60 -78 -65 -6 -3 33 -6 39 -12 25z"/>
<path d="M7820 5415 c-14 -17 -7 -19 20 -5 13 7 21 6 30 -5 10 -13 9 -15 -11
-15 -34 0 -52 -14 -47 -36 2 -14 13 -19 41 -20 36 -1 37 0 37 35 0 56 -40 82
-70 46z m48 -61 c-9 -9 -24 -14 -32 -11 -27 11 -17 27 16 27 30 0 31 -1 16
-16z"/>
<path d="M7983 5380 c0 -30 2 -43 4 -27 2 15 2 39 0 55 -2 15 -4 2 -4 -28z"/>
<path d="M8100 5426 c0 -3 10 -26 22 -52 22 -45 22 -46 4 -60 -21 -15 -18 -28
5 -19 15 6 65 123 56 131 -3 3 -11 -11 -18 -30 -16 -44 -23 -45 -39 -6 -11 27
-30 50 -30 36z"/>
<path d="M8276 5414 c-19 -18 -21 -55 -4 -72 28 -28 88 -2 88 38 0 10 -7 26
-16 34 -8 9 -24 16 -34 16 -10 0 -26 -7 -34 -16z m64 -24 c7 -14 6 -23 -6 -34
-21 -21 -41 -20 -54 3 -13 25 -13 27 5 45 18 18 41 11 55 -14z"/>
<path d="M8764 5385 l1 -50 38 -1 37 -1 -2 51 c-1 42 -2 45 -5 14 -5 -44 -26
-66 -47 -48 -8 6 -17 28 -19 48 -3 25 -4 21 -3 -13z"/>
<path d="M8884 5405 c-15 -23 -15 -27 0 -50 18 -27 54 -33 74 -13 21 21 13 32
-9 12 -24 -21 -52 -10 -57 24 -5 30 29 45 56 26 12 -8 22 -11 22 -5 0 12 -33
31 -54 31 -9 0 -23 -11 -32 -25z"/>
<path d="M9010 5415 c-14 -17 -7 -19 20 -5 13 7 21 6 30 -5 10 -13 9 -15 -11
-15 -34 0 -52 -14 -47 -36 2 -14 13 -19 41 -20 36 -1 37 0 37 35 0 56 -40 82
-70 46z m48 -61 c-9 -9 -24 -14 -32 -11 -27 11 -17 27 16 27 30 0 31 -1 16
-16z"/>
<path d="M9203 5380 c0 -30 2 -43 4 -27 2 15 2 39 0 55 -2 15 -4 2 -4 -28z"/>
<path d="M9254 5405 c-15 -23 -15 -27 0 -50 30 -45 86 -28 86 27 0 49 -59 65
-86 23z m76 -24 c0 -28 -28 -47 -48 -34 -24 15 -27 44 -7 59 22 17 55 1 55
-25z"/>
<path d="M9382 5375 c1 -43 2 -45 5 -13 3 24 11 42 23 48 23 12 37 -4 43 -50
3 -30 4 -28 5 13 2 49 2 49 -50 51 -27 2 -28 0 -26 -49z"/>
<path d="M9776 5414 c-19 -18 -21 -55 -4 -72 28 -28 88 -2 88 38 0 10 -7 26
-16 34 -8 9 -24 16 -34 16 -10 0 -26 -7 -34 -16z m64 -24 c7 -14 6 -23 -6 -34
-21 -21 -41 -20 -54 3 -13 25 -13 27 5 45 18 18 41 11 55 -14z"/>
<path d="M9892 5380 c0 -30 2 -46 5 -35 2 11 6 30 9 43 2 12 11 22 19 22 8 0
15 5 15 10 0 7 -6 7 -19 0 -14 -7 -21 -6 -24 3 -3 6 -5 -13 -5 -43z"/>
<path d="M9974 5405 c-15 -23 -15 -27 0 -50 19 -28 57 -33 76 -10 15 18 7 19
-20 3 -16 -10 -23 -10 -37 5 -16 16 -15 17 25 17 46 0 55 16 26 44 -23 23 -51
20 -70 -9z m66 -6 c0 -5 -15 -9 -32 -9 -31 1 -32 2 -15 15 19 14 47 10 47 -6z"/>
<path d="M10363 5423 c-7 -2 -13 -9 -13 -14 0 -6 7 -6 18 -1 19 10 42 5 42 -9
0 -5 -11 -9 -24 -9 -28 0 -51 -24 -42 -45 4 -11 17 -15 46 -13 39 3 40 4 40
39 0 50 -25 70 -67 52z m47 -62 c0 -12 -29 -23 -41 -15 -18 10 -9 24 16 24 14
0 25 -4 25 -9z"/>
<path d="M10461 5375 l1 -50 9 42 c16 67 56 65 69 -3 l8 -39 1 41 c1 49 -13
64 -57 61 -32 -2 -32 -3 -31 -52z"/>
<path d="M9495 5340 c3 -5 8 -10 11 -10 2 0 4 5 4 10 0 6 -5 10 -11 10 -5 0
-7 -4 -4 -10z"/>
<path d="M6750 5194 c0 -21 -4 -24 -20 -19 -31 10 -60 -12 -60 -44 0 -37 19
-52 64 -49 l36 3 0 68 c0 38 -4 67 -10 67 -5 0 -10 -12 -10 -26z m0 -63 c0
-28 -28 -47 -48 -34 -24 15 -27 44 -7 59 22 17 55 1 55 -25z"/>
<path d="M8713 5203 c-4 -10 -11 -21 -17 -25 -8 -6 -7 -10 1 -16 6 -4 13 -25
16 -47 l4 -40 1 43 c2 35 5 42 22 42 11 0 20 5 20 10 0 6 -9 10 -20 10 -23 0
-17 27 8 33 12 3 10 5 -6 6 -13 1 -25 -6 -29 -16z"/>
<path d="M9393 5150 c-1 -60 1 -67 7 -36 13 68 60 72 60 5 0 -21 5 -39 10 -39
13 0 13 56 -1 82 -8 15 -17 19 -39 14 -25 -5 -29 -2 -33 22 -2 15 -4 -7 -4
-48z"/>
<path d="M9510 5210 c0 -5 5 -10 11 -10 5 0 7 5 4 10 -3 6 -8 10 -11 10 -2 0
-4 -4 -4 -10z"/>
<path d="M10075 5210 c-3 -5 -1 -10 4 -10 6 0 11 5 11 10 0 6 -2 10 -4 10 -3
0 -8 -4 -11 -10z"/>
<path d="M5848 5203 c17 -2 32 -7 32 -9 0 -3 -10 -28 -21 -55 -12 -27 -19 -52
-16 -55 5 -5 38 60 52 105 6 19 3 21 -37 19 -37 -1 -38 -2 -10 -5z"/>
<path d="M5936 5188 c-9 -12 -16 -32 -16 -43 0 -31 28 -65 54 -65 32 0 48 22
48 65 0 20 -6 42 -12 50 -18 22 -57 18 -74 -7z m62 0 c17 -17 15 -64 -4 -82
-19 -19 -26 -20 -42 -4 -26 26 -9 98 23 98 6 0 16 -5 23 -12z"/>
<path d="M6069 5194 c-7 -9 -13 -31 -13 -49 0 -40 19 -65 50 -65 26 0 54 34
54 65 0 52 -61 85 -91 49z m59 -6 c17 -17 15 -73 -2 -87 -11 -9 -20 -10 -35
-1 -36 18 -24 100 14 100 6 0 16 -5 23 -12z"/>
<path d="M6351 5196 c-19 -23 -7 -42 34 -56 25 -8 35 -17 33 -28 -4 -23 -32
-26 -52 -6 -20 20 -34 11 -16 -11 17 -21 67 -19 78 3 14 26 5 40 -34 52 -24 8
-34 17 -32 28 5 24 39 27 56 6 13 -18 14 -18 10 1 -4 26 -59 33 -77 11z"/>
<path d="M7801 5143 c1 -37 4 -59 6 -47 2 12 16 24 35 30 66 20 62 76 -6 82
l-36 3 1 -68z m57 48 c23 -14 10 -46 -21 -49 -23 -3 -27 0 -27 21 0 36 19 47
48 28z"/>
<path d="M9278 5203 c20 -4 22 -10 22 -64 0 -33 4 -59 10 -59 6 0 10 26 10 59
0 54 2 60 23 64 12 2 -3 4 -33 4 -30 0 -45 -2 -32 -4z"/>
<path d="M9710 5145 c0 -37 4 -65 10 -65 6 0 10 28 10 65 0 37 -4 65 -10 65
-6 0 -10 -28 -10 -65z"/>
<path d="M6473 5188 c-8 -9 -9 -26 -4 -50 11 -47 19 -58 39 -58 16 1 16 1 0
11 -23 13 -25 69 -3 69 8 0 15 5 15 10 0 6 -6 10 -14 10 -8 0 -16 5 -18 11 -2
7 -8 6 -15 -3z"/>
<path d="M7053 5188 c-8 -9 -9 -26 -4 -50 11 -47 19 -58 39 -58 16 1 16 1 0
11 -23 13 -25 69 -3 69 8 0 15 5 15 10 0 6 -6 10 -14 10 -8 0 -16 5 -18 11 -2
7 -8 6 -15 -3z"/>
<path d="M8571 5183 c-9 -10 -10 -17 -3 -22 6 -3 12 -22 14 -41 2 -26 8 -36
23 -38 19 -3 19 -2 3 11 -22 18 -24 67 -3 67 8 0 15 5 15 10 0 6 -6 10 -14 10
-8 0 -16 4 -18 9 -1 5 -9 2 -17 -6z"/>
<path d="M9990 5183 c-10 -12 -11 -18 -2 -21 7 -2 12 -16 12 -31 0 -30 16 -51
40 -51 12 1 12 2 -2 11 -10 5 -18 22 -18 36 0 14 8 32 18 39 16 13 16 13 0 14
-10 0 -18 5 -18 10 0 15 -13 12 -30 -7z"/>
<path d="M10131 5183 c-9 -10 -10 -17 -3 -22 6 -3 12 -22 14 -41 2 -26 8 -36
23 -38 19 -3 19 -2 3 11 -22 18 -24 67 -3 67 8 0 15 5 15 10 0 6 -6 10 -14 10
-8 0 -16 4 -18 9 -1 5 -9 2 -17 -6z"/>
<path d="M10330 5183 c-10 -12 -11 -18 -2 -21 7 -2 12 -16 12 -31 0 -30 16
-51 40 -51 12 1 12 2 -2 11 -10 5 -18 22 -18 36 0 14 8 32 18 39 16 13 16 13
0 14 -10 0 -18 5 -18 10 0 15 -13 12 -30 -7z"/>
<path d="M6221 5168 c0 -9 -9 -19 -18 -21 -17 -4 -17 -5 0 -6 10 -1 17 -10 18
-23 0 -15 2 -18 6 -8 3 8 12 21 21 28 14 11 14 12 0 12 -9 0 -19 8 -21 18 -4
15 -5 15 -6 0z"/>
<path d="M6552 5144 c-2 -49 12 -64 56 -61 31 2 32 3 32 50 0 26 -4 47 -10 47
-5 0 -10 -18 -10 -39 0 -70 -55 -63 -63 7 l-4 37 -1 -41z"/>
<path d="M6812 5168 c-7 -7 -12 -24 -12 -38 0 -14 5 -31 12 -38 17 -17 53 -15
68 3 15 18 7 19 -20 3 -16 -10 -23 -10 -37 5 -16 16 -15 17 25 17 35 0 42 3
42 20 0 33 -54 52 -78 28z m68 -23 c0 -3 -17 -5 -37 -5 -35 1 -37 2 -19 15 13
10 24 11 37 4 11 -5 19 -12 19 -14z"/>
<path d="M6938 5173 c-14 -3 -18 -15 -18 -49 0 -24 5 -44 10 -44 6 0 10 15 10
34 0 69 55 65 63 -4 4 -35 4 -35 5 6 3 56 -16 71 -70 57z"/>
<path d="M7137 5173 c-17 -17 -5 -42 23 -48 17 -4 30 -11 30 -16 0 -15 -30
-23 -43 -10 -17 17 -31 13 -17 -5 18 -20 64 -14 68 9 3 13 -6 22 -27 30 -17 6
-31 15 -31 19 0 14 20 19 40 8 11 -6 20 -7 20 -1 0 17 -50 28 -63 14z"/>
<path d="M7287 5173 c-17 -17 -5 -42 23 -48 17 -4 30 -11 30 -16 0 -15 -30
-23 -43 -10 -17 17 -31 13 -17 -5 18 -20 64 -14 68 9 3 13 -6 22 -27 30 -17 6
-31 15 -31 19 0 14 20 19 40 8 11 -6 20 -7 20 -1 0 17 -50 28 -63 14z"/>
<path d="M7440 5165 c-15 -18 1 -20 18 -3 10 10 16 8 29 -5 16 -16 16 -17 -8
-17 -14 0 -34 -6 -44 -14 -28 -21 -4 -47 41 -43 32 2 34 4 34 38 0 54 -41 79
-70 44z m48 -57 c-3 -7 -13 -13 -23 -13 -10 0 -20 6 -22 13 -3 7 5 12 22 12
17 0 25 -5 23 -12z"/>
<path d="M7552 5130 c1 -44 2 -48 5 -16 3 27 10 40 24 43 10 3 19 9 19 14 0
13 -17 11 -26 -2 -4 -8 -9 -7 -15 2 -5 9 -8 -7 -7 -41z"/>
<path d="M7636 5164 c-21 -20 -20 -48 0 -69 19 -19 65 -16 72 3 3 11 0 12 -16
3 -11 -6 -28 -8 -36 -5 -29 11 -16 24 24 24 44 0 52 16 22 43 -23 21 -46 22
-66 1z m48 0 c26 -10 18 -24 -14 -24 -30 0 -41 14 -17 23 6 3 13 6 14 6 1 1 8
-2 17 -5z"/>
<path d="M7933 5173 c-7 -2 -13 -9 -13 -14 0 -6 7 -6 18 -1 19 10 42 5 42 -9
0 -5 -11 -9 -24 -9 -28 0 -51 -24 -42 -45 4 -11 17 -15 46 -13 39 3 40 4 40
39 0 50 -25 70 -67 52z m47 -62 c0 -12 -29 -23 -41 -15 -18 10 -9 24 16 24 14
0 25 -4 25 -9z"/>
<path d="M8037 5173 c-17 -17 -5 -42 23 -48 17 -4 30 -11 30 -16 0 -15 -30
-23 -43 -10 -17 17 -31 13 -17 -5 18 -20 64 -14 68 9 3 13 -6 22 -27 30 -17 6
-31 15 -31 19 0 14 20 19 40 8 11 -6 20 -7 20 -1 0 17 -50 28 -63 14z"/>
<path d="M8133 5164 c-7 -18 19 -44 44 -44 7 0 13 -7 13 -15 0 -18 -31 -20
-49 -2 -11 10 -13 9 -9 -3 6 -20 52 -25 66 -8 14 17 5 30 -32 46 -23 10 -27
15 -16 22 8 5 22 4 33 -2 15 -8 18 -7 15 4 -7 20 -57 23 -65 2z"/>
<path d="M8338 5169 c-21 -12 -24 -59 -6 -77 20 -20 56 -14 74 13 15 23 15 27
0 50 -17 26 -40 31 -68 14z m62 -38 c0 -28 -28 -47 -48 -34 -24 15 -27 44 -7
59 22 17 55 1 55 -25z"/>
<path d="M8446 5167 c-5 -10 -5 -32 1 -50 8 -28 13 -32 46 -33 l37 -1 -2 51
c-1 42 -2 45 -5 14 -8 -73 -60 -78 -65 -6 -3 33 -6 39 -12 25z"/>
<path d="M8782 5130 c0 -30 2 -46 5 -35 2 11 6 30 9 43 2 12 11 22 19 22 8 0
15 5 15 10 0 7 -6 7 -19 0 -14 -7 -21 -6 -24 3 -3 6 -5 -13 -5 -43z"/>
<path d="M8864 5155 c-15 -23 -15 -27 0 -50 30 -45 86 -28 86 27 0 49 -59 65
-86 23z m76 -24 c0 -28 -28 -47 -48 -34 -24 15 -27 44 -7 59 22 17 55 1 55
-25z"/>
<path d="M8992 5125 c1 -42 2 -44 5 -13 8 69 50 71 63 2 l8 -39 1 36 c2 71 55
70 64 -1 4 -27 4 -25 3 9 -1 52 -24 74 -56 54 -12 -8 -21 -9 -25 -3 -4 6 -20
9 -36 8 -28 -2 -29 -4 -27 -53z"/>
<path d="M9513 5130 c0 -30 2 -43 4 -27 2 15 2 39 0 55 -2 15 -4 2 -4 -28z"/>
<path d="M9567 5173 c-17 -17 -5 -42 23 -48 17 -4 30 -11 30 -16 0 -15 -30
-23 -43 -10 -17 17 -31 13 -17 -5 18 -20 64 -14 68 9 3 13 -6 22 -27 30 -17 6
-31 15 -31 19 0 14 20 19 40 8 11 -6 20 -7 20 -1 0 17 -50 28 -63 14z"/>
<path d="M9772 5125 c1 -43 2 -45 5 -13 3 24 11 42 23 48 23 12 37 -4 43 -50
3 -30 4 -28 5 13 2 49 2 49 -50 51 -27 2 -28 0 -26 -49z"/>
<path d="M9897 5173 c-17 -17 -5 -42 23 -48 17 -4 30 -11 30 -16 0 -15 -30
-23 -43 -10 -17 17 -31 13 -17 -5 18 -20 64 -14 68 9 3 13 -6 22 -27 30 -17 6
-31 15 -31 19 0 14 20 19 40 8 11 -6 20 -7 20 -1 0 17 -50 28 -63 14z"/>
<path d="M10083 5130 c0 -30 2 -43 4 -27 2 15 2 39 0 55 -2 15 -4 2 -4 -28z"/>
<path d="M10212 5144 c-2 -49 12 -64 56 -61 31 2 32 3 32 50 0 26 -4 47 -10
47 -5 0 -10 -18 -10 -39 0 -70 -55 -63 -63 7 l-4 37 -1 -41z"/>
<path d="M10425 5164 c-19 -20 -16 -63 6 -77 18 -11 69 -2 69 13 0 6 -11 5
-25 -2 -21 -10 -29 -9 -43 5 -15 16 -14 17 25 17 49 0 58 9 37 38 -18 26 -46
28 -69 6z m42 -22 c-34 -4 -48 5 -27 18 8 5 22 4 34 -3 20 -11 20 -12 -7 -15z"/>
<path d="M8253 5123 c9 -2 23 -2 30 0 6 3 -1 5 -18 5 -16 0 -22 -2 -12 -5z"/>
<path d="M10530 5090 c0 -5 5 -10 10 -10 6 0 10 5 10 10 0 6 -4 10 -10 10 -5
0 -10 -4 -10 -10z"/>
<path d="M3246 4863 c4 -10 9 -35 12 -55 5 -46 22 -40 22 7 0 44 -9 65 -27 65
-11 0 -13 -5 -7 -17z"/>
<path d="M3923 4705 c-19 -20 -17 -41 1 -26 11 9 15 9 18 -1 4 -10 9 -9 22 4
15 16 15 18 -3 28 -24 12 -23 12 -38 -5z"/>
<path d="M4140 4650 c0 -5 4 -10 9 -10 6 0 13 5 16 10 3 6 -1 10 -9 10 -9 0
-16 -4 -16 -10z"/>
<path d="M2847 4540 c14 -21 30 -37 34 -34 5 3 -2 17 -16 32 -14 15 -25 30
-25 34 0 5 -4 8 -9 8 -6 0 2 -18 16 -40z"/>
<path d="M2698 4563 c-23 -6 -23 -15 1 -30 16 -10 20 -9 24 8 6 22 -1 27 -25
22z"/>
<path d="M2755 4560 c3 -5 8 -10 11 -10 2 0 4 5 4 10 0 6 -5 10 -11 10 -5 0
-7 -4 -4 -10z"/>
<path d="M3721 4530 c0 -33 1 -34 10 -11 6 16 6 28 -1 35 -7 7 -10 -1 -9 -24z"/>
<path d="M2761 4499 c18 -26 19 -33 8 -40 -22 -14 -29 -11 -55 20 -13 16 -33
31 -44 34 -19 5 -18 3 5 -25 14 -16 25 -36 25 -44 0 -8 6 -17 14 -20 15 -6 96
31 96 44 0 10 -53 62 -64 62 -4 0 3 -14 15 -31z"/>
<path d="M2860 4405 c-16 -9 -19 -14 -9 -15 8 0 24 7 35 15 24 18 7 19 -26 0z"/>
<path d="M5660 4380 c0 -5 5 -10 11 -10 5 0 7 5 4 10 -3 6 -8 10 -11 10 -2 0
-4 -4 -4 -10z"/>
<path d="M2867 4353 c-15 -14 -6 -24 16 -18 35 11 44 25 16 25 -14 0 -29 -3
-32 -7z"/>
<path d="M2635 4061 c-3 -5 -1 -12 5 -16 5 -3 10 1 10 9 0 18 -6 21 -15 7z"/>
<path d="M10660 3928 c-921 -553 -1953 -1005 -2955 -1293 -1218 -350 -2466
-490 -3670 -410 -625 41 -1190 127 -1764 266 -715 173 -1396 418 -2060 740
-112 54 -206 99 -207 99 -2 0 -4 -55 -4 -122 l0 -123 83 -47 c145 -83 464
-235 624 -299 304 -120 613 -208 881 -250 78 -12 141 -23 139 -25 -1 -1 -85
-12 -187 -25 -163 -19 -217 -21 -455 -16 -148 3 -301 11 -340 17 -38 6 -128
20 -200 31 -138 22 -343 65 -462 99 -40 11 -75 20 -78 20 -3 0 -5 -583 -5
-1295 l0 -1295 5400 0 5400 0 0 2005 c0 1103 -1 2005 -2 2005 -2 -1 -64 -37
-138 -82z m-4057 -2064 c65 -43 94 -110 83 -188 -5 -32 -29 -75 -92 -164 -47
-67 -88 -124 -93 -126 -7 -5 -136 173 -173 238 -21 38 -23 115 -4 159 45 105
181 145 279 81z m1267 -282 l0 -98 -57 -2 c-70 -2 -93 15 -93 68 0 52 27 74
80 67 40 -5 40 -5 40 29 0 24 5 34 15 34 12 0 15 -18 15 -98z m1470 0 l0 -98
-57 -2 c-70 -2 -93 15 -93 68 0 52 27 74 80 67 40 -5 40 -5 40 29 0 24 5 34
15 34 12 0 15 -18 15 -98z m-2152 61 c33 -33 14 -44 -24 -14 -34 26 -54 26
-88 0 -19 -15 -26 -30 -26 -54 0 -24 7 -39 26 -54 36 -28 60 -26 92 7 l27 27
-42 3 c-62 5 -53 22 12 22 30 0 55 -2 55 -5 0 -20 -32 -75 -48 -84 -36 -19
-89 -13 -119 13 -23 20 -28 32 -28 71 0 39 5 51 28 71 40 34 99 33 135 -3z
m1600 11 c28 -19 29 -65 2 -89 -20 -18 -20 -18 1 -51 17 -28 18 -34 6 -34 -9
0 -25 16 -37 35 -13 20 -30 35 -41 35 -15 0 -19 -7 -19 -35 0 -24 -5 -35 -15
-35 -12 0 -15 17 -15 95 l0 95 48 0 c27 0 57 -7 70 -16z m-1506 -91 c3 -50 6
-58 24 -61 33 -5 54 24 54 74 0 24 5 44 10 44 6 0 10 -29 10 -68 l0 -68 -49
-2 c-42 -2 -53 2 -65 20 -21 30 -22 118 -1 118 10 0 15 -15 17 -57z m168 45
c0 -9 3 -9 12 0 15 15 58 16 58 2 0 -5 -8 -10 -18 -10 -30 0 -42 -21 -42 -72
0 -36 -4 -48 -15 -48 -12 0 -15 14 -15 70 0 40 4 70 10 70 6 0 10 -5 10 -12z
m122 -39 c6 -96 70 -96 76 0 2 36 7 51 18 51 11 0 14 -15 14 -68 l0 -68 -55
-2 c-65 -3 -75 9 -75 87 0 67 18 66 22 0z m364 -1 l17 -52 20 52 c11 29 25 52
32 52 7 0 21 -23 32 -52 l20 -52 17 52 c10 30 24 52 32 52 11 0 8 -14 -11 -66
-14 -37 -25 -68 -25 -70 0 -11 -30 -2 -31 9 0 6 -8 30 -18 52 l-17 39 -19 -52
c-11 -29 -25 -52 -32 -52 -7 0 -13 2 -13 4 0 2 -11 33 -25 70 -19 52 -22 66
-11 66 8 0 22 -22 32 -52z m316 35 c13 -12 18 -30 18 -68 l0 -52 -56 1 c-43 1
-60 5 -68 19 -18 28 4 52 53 55 33 3 42 7 39 20 -4 21 -44 28 -64 11 -19 -16
-30 -4 -14 16 17 20 69 19 92 -2z m88 5 c0 -9 3 -9 12 0 15 15 48 16 48 2 0
-5 -6 -10 -14 -10 -28 0 -46 -30 -46 -76 0 -24 -4 -44 -10 -44 -6 0 -10 30
-10 70 0 40 4 70 10 70 6 0 10 -5 10 -12z m204 -10 c9 -12 16 -43 16 -68 l0
-46 -51 -2 c-58 -2 -79 9 -79 43 0 26 17 35 67 35 27 0 34 4 31 18 -4 21 -44
28 -64 11 -19 -16 -30 -4 -14 16 19 23 76 19 94 -7z m426 2 c45 -45 11 -120
-55 -120 -41 0 -75 32 -75 70 0 61 86 94 130 50z m164 4 c11 -10 16 -34 16
-68 l0 -53 -56 1 c-43 1 -60 5 -68 19 -18 28 5 51 55 57 44 5 53 17 25 35 -10
6 -23 5 -40 -5 -30 -16 -45 -7 -26 15 16 20 74 19 94 -1z m421 6 c4 -7 12 -7
25 0 28 15 61 12 82 -7 13 -12 18 -30 18 -70 0 -56 -19 -76 -21 -20 -2 50 -13
82 -32 85 -31 6 -47 -17 -47 -69 0 -37 -4 -49 -15 -49 -12 0 -15 13 -15 55 0
42 -4 57 -16 62 -31 12 -49 -11 -52 -66 -2 -36 -7 -51 -18 -51 -11 0 -14 15
-14 68 l0 68 49 2 c28 1 53 -3 56 -8z m277 -7 c13 -12 18 -30 18 -68 l0 -52
-56 1 c-43 1 -60 5 -68 19 -18 28 4 52 53 55 33 3 42 7 39 20 -4 21 -44 28
-64 11 -19 -16 -30 -4 -14 16 17 20 69 19 92 -2z m185 -13 c18 -36 17 -110 -1
-110 -11 0 -16 15 -18 51 -2 36 -8 55 -20 63 -31 19 -53 -4 -56 -63 -2 -36 -7
-51 -18 -51 -11 0 -14 15 -14 69 l0 69 57 -1 c50 -2 59 -5 70 -27z m193 -39
c0 -36 -6 -77 -13 -91 -18 -35 -61 -48 -94 -30 -31 17 -42 40 -20 40 9 0 17
-5 19 -11 2 -6 17 -11 32 -11 29 0 46 15 46 42 0 11 -3 11 -12 2 -33 -33 -108
11 -108 63 0 43 32 65 95 64 l55 -2 0 -66z m164 47 c37 -53 5 -118 -58 -118
-37 0 -76 36 -76 70 0 10 9 29 21 44 27 35 90 37 113 4z m-9402 -158 c27 -28
48 -59 48 -71 0 -12 -13 -37 -30 -56 -50 -56 -43 -74 68 -185 111 -111 126
-116 187 -68 21 17 47 30 58 30 11 0 42 -22 68 -49 66 -65 66 -92 0 -154 -70
-65 -137 -81 -223 -52 -37 13 -76 47 -210 183 -131 133 -167 175 -176 208 -25
85 -8 147 57 215 64 66 88 66 153 -1z m1740 15 c0 -5 -5 -11 -11 -13 -6 -2
-11 4 -11 13 0 9 5 15 11 13 6 -2 11 -8 11 -13z m-1506 -12 c66 -22 145 -101
167 -167 19 -55 23 -111 7 -101 -5 3 -10 16 -10 28 0 104 -130 237 -232 237
-15 0 -30 5 -33 10 -10 16 46 12 101 -7z m584 7 c0 -5 -13 -10 -30 -10 -25 0
-30 -4 -30 -25 0 -21 5 -25 30 -25 17 0 30 -4 30 -10 0 -5 -13 -10 -30 -10
-27 0 -30 -3 -30 -30 0 -16 -4 -30 -10 -30 -6 0 -10 32 -10 75 l0 75 40 0 c22
0 40 -4 40 -10z m413 -61 c15 -40 25 -75 21 -78 -3 -3 -10 2 -15 12 -13 22
-89 25 -89 2 0 -8 -6 -15 -14 -15 -10 0 -6 19 17 75 17 41 36 75 42 75 5 0 23
-32 38 -71z m717 46 c0 -8 7 -15 15 -15 8 0 15 -4 15 -10 0 -5 -7 -10 -15 -10
-10 0 -15 -10 -15 -34 0 -26 5 -35 23 -41 19 -6 20 -8 4 -12 -26 -7 -47 15
-47 50 0 17 -8 36 -17 43 -17 13 -17 13 0 14 9 0 17 7 17 15 0 8 5 15 10 15 6
0 10 -7 10 -15z m609 -15 c6 0 11 -4 11 -10 0 -5 -7 -10 -15 -10 -10 0 -15
-11 -15 -35 0 -24 5 -35 15 -35 8 0 15 -5 15 -11 0 -6 -10 -9 -22 -7 -19 2
-24 10 -26 43 -2 22 -10 44 -17 48 -12 6 -11 11 3 26 14 15 19 16 28 5 6 -8
16 -14 23 -14z m-1611 -12 c7 -7 12 -26 12 -43 0 -17 -5 -36 -12 -43 -7 -7
-26 -12 -43 -12 -17 0 -36 5 -43 12 -7 7 -12 26 -12 43 0 17 5 36 12 43 7 7
26 12 43 12 17 0 36 -5 43 -12z m112 2 c0 -6 -7 -10 -15 -10 -18 0 -35 -31
-35 -64 0 -14 -4 -26 -10 -26 -5 0 -10 24 -10 53 l0 54 35 1 c19 1 35 -3 35
-8z m326 -1 c19 -15 18 -73 -1 -89 -8 -7 -28 -10 -45 -8 -26 4 -30 1 -30 -19
0 -13 -4 -23 -10 -23 -6 0 -10 31 -10 73 l0 72 41 3 c23 1 47 -3 55 -9z m154
-8 c27 -51 -3 -96 -57 -88 -30 5 -33 3 -33 -19 0 -13 -4 -24 -10 -24 -6 0 -10
31 -10 73 l0 73 50 2 c40 2 51 -2 60 -17z m134 3 c21 -20 20 -58 0 -79 -25
-24 -75 -16 -93 16 -13 24 -13 29 2 53 20 30 66 35 91 10z m66 -39 c0 -30 -4
-55 -10 -55 -5 0 -10 25 -10 55 0 30 5 55 10 55 6 0 10 -25 10 -55z m127 44
c15 -13 18 -99 3 -99 -5 0 -10 21 -10 46 0 44 -1 45 -27 42 -25 -3 -28 -7 -31
-45 -4 -62 -22 -53 -22 10 l0 54 37 1 c20 1 42 -3 50 -9z m311 -1 c14 -12 16
-98 2 -98 -5 0 -10 20 -10 45 0 41 -2 45 -24 45 -26 0 -36 -16 -36 -61 0 -16
-4 -29 -10 -29 -5 0 -10 20 -10 45 0 41 -2 45 -24 45 -26 0 -36 -16 -36 -61 0
-16 -4 -29 -10 -29 -5 0 -10 24 -10 54 l0 53 78 1 c42 0 83 -5 90 -10z m149
-18 c12 -25 12 -25 -38 -28 -34 -2 -49 -7 -46 -15 2 -7 21 -11 46 -10 36 2 41
0 31 -13 -29 -34 -100 -4 -100 42 0 56 82 74 107 24z m129 19 c16 -13 20 -99
5 -99 -6 0 -11 19 -13 43 -3 37 -6 42 -28 42 -22 0 -25 -5 -28 -42 -4 -61 -22
-53 -22 10 l0 53 36 2 c20 2 42 -2 50 -9z m222 0 c-2 -6 -8 -10 -13 -10 -5 0
-11 4 -13 10 -2 6 4 11 13 11 9 0 15 -5 13 -11z m-2429 -77 c14 -10 33 -29 43
-43 21 -29 35 -89 20 -89 -5 0 -13 16 -16 35 -9 44 -57 92 -101 101 -19 3 -35
11 -35 16 0 15 60 1 89 -20z m2422 -15 c-13 -13 -26 -3 -16 12 3 6 11 8 17 5
6 -4 6 -10 -1 -17z m3299 -30 c0 -32 1 -33 37 -29 47 6 63 -15 63 -85 0 -68
-18 -69 -22 -2 -6 96 -70 96 -76 0 -2 -36 -7 -51 -18 -51 -11 0 -14 19 -14
100 0 82 3 100 15 100 10 0 15 -10 15 -33z m460 -67 c0 -60 -4 -100 -10 -100
-5 0 -10 5 -10 12 0 9 -3 9 -12 0 -7 -7 -27 -12 -45 -12 -64 0 -95 72 -52 119
18 19 29 22 65 18 l44 -5 0 34 c0 19 5 34 10 34 6 0 10 -40 10 -100z m750 66
c0 -34 0 -34 38 -29 54 7 72 -13 72 -83 0 -30 -4 -54 -10 -54 -5 0 -10 19 -10
43 0 56 -18 82 -52 74 -27 -7 -38 -30 -38 -84 0 -18 -4 -33 -10 -33 -6 0 -10
40 -10 100 0 60 4 100 10 100 6 0 10 -15 10 -34z m470 -26 c0 -41 4 -60 13
-60 19 0 34 13 41 38 4 12 14 22 22 22 12 0 11 -6 -2 -40 -15 -37 -15 -42 0
-65 19 -29 20 -35 4 -35 -7 0 -21 14 -30 30 -23 40 -48 40 -48 0 0 -20 -5 -30
-15 -30 -12 0 -15 18 -15 100 0 82 3 100 15 100 12 0 15 -13 15 -60z m150 26
c0 -34 0 -34 38 -29 54 7 72 -13 72 -83 0 -30 -4 -54 -10 -54 -5 0 -10 19 -10
43 0 56 -18 82 -52 74 -27 -7 -38 -30 -38 -84 0 -18 -4 -33 -10 -33 -6 0 -10
40 -10 100 0 60 4 100 10 100 6 0 10 -15 10 -34z m640 -64 l0 -98 -54 -2 c-48
-2 -57 1 -75 24 -27 34 -26 54 1 89 19 24 26 27 65 22 l43 -5 0 34 c0 19 5 34
10 34 6 0 10 -39 10 -98z m-3140 11 c0 -57 -4 -81 -17 -95 -17 -19 -73 -25
-73 -8 0 6 9 10 19 10 37 0 51 27 51 101 0 39 4 69 10 69 6 0 10 -32 10 -77z
m1810 2 c0 -84 -18 -115 -65 -115 -34 0 -31 13 5 27 30 11 30 12 30 87 0 61 3
76 15 76 12 0 15 -15 15 -75z m1554 59 c19 -18 21 -45 4 -62 -9 -9 -9 -15 0
-24 19 -19 15 -66 -7 -78 -49 -26 -111 -4 -111 38 0 16 5 33 12 40 9 9 9 15 0
24 -30 30 3 78 54 78 18 0 40 -7 48 -16z m176 8 c0 -5 -11 -19 -25 -32 l-25
-24 26 -21 c47 -38 30 -105 -28 -105 -40 0 -68 17 -68 40 0 26 12 25 28 -1 15
-23 50 -22 65 2 16 26 1 49 -33 49 -37 0 -38 15 -3 52 l27 28 -42 0 c-23 0
-42 5 -42 10 0 6 27 10 60 10 33 0 60 -4 60 -8z m100 -87 c0 -109 -18 -130
-22 -27 -3 61 -5 67 -25 70 -29 4 -30 22 -3 22 11 0 23 7 26 15 15 38 24 7 24
-80z m176 74 c14 -15 19 -36 19 -74 0 -38 -5 -59 -19 -74 -22 -24 -72 -28
-100 -8 -37 27 -37 137 0 164 28 20 78 16 100 -8z m124 -74 c0 -78 -3 -95 -15
-95 -12 0 -15 14 -15 70 0 63 -2 70 -20 70 -11 0 -20 5 -20 10 0 6 9 10 20 10
11 0 20 7 20 15 0 8 7 15 15 15 12 0 15 -17 15 -95z m152 78 c29 -26 22 -59
-23 -108 l-42 -45 42 0 c22 0 41 -4 41 -10 0 -6 -28 -10 -65 -10 -36 0 -65 3
-65 7 0 3 25 32 55 64 48 51 55 61 45 79 -14 26 -46 26 -62 0 -16 -25 -40 -27
-31 -2 14 42 71 56 105 25z m-3928 -55 c9 -12 16 -43 16 -68 l0 -46 -51 -2
c-58 -2 -79 9 -79 43 0 26 17 35 67 35 27 0 34 4 31 18 -4 21 -44 28 -64 11
-19 -16 -30 -4 -14 16 19 23 76 19 94 -7z m161 12 c4 -7 12 -7 25 0 28 15 61
12 82 -7 13 -12 18 -30 18 -70 0 -56 -19 -76 -21 -20 -2 50 -13 82 -32 85 -31
6 -47 -17 -47 -69 0 -37 -4 -49 -15 -49 -12 0 -15 13 -15 55 0 42 -4 57 -16
62 -31 12 -49 -11 -52 -66 -2 -36 -7 -51 -18 -51 -11 0 -14 15 -14 68 l0 68
49 2 c28 1 53 -3 56 -8z m265 -5 c16 -20 5 -32 -14 -16 -17 15 -58 11 -63 -5
-2 -7 15 -18 39 -25 33 -11 44 -20 46 -38 4 -28 -12 -41 -53 -41 -33 0 -55 15
-55 39 0 11 4 11 19 -3 21 -19 62 -18 68 1 2 6 -15 17 -39 25 -42 14 -56 34
-44 64 7 19 80 19 96 -1z m344 -7 c32 -45 22 -58 -44 -58 -49 0 -58 -3 -54
-15 8 -21 53 -30 75 -16 30 18 44 13 24 -9 -41 -45 -125 -12 -125 50 0 63 90
98 124 48z m266 10 c0 -9 3 -9 12 0 20 20 75 14 98 -10 23 -25 25 -46 8 -83
-13 -29 -45 -40 -88 -31 -29 5 -30 4 -30 -29 0 -19 -4 -35 -10 -35 -6 0 -10
40 -10 100 0 60 4 100 10 100 6 0 10 -5 10 -12z m190 -36 c0 -51 12 -72 42
-72 23 0 38 30 38 79 0 23 5 41 10 41 6 0 10 -29 10 -68 l0 -69 -49 -2 c-60
-2 -70 10 -78 83 -5 48 -3 56 11 56 13 0 16 -10 16 -48z m240 39 c0 -4 -13
-12 -30 -18 -28 -10 -30 -15 -30 -62 0 -39 -4 -51 -15 -51 -12 0 -15 14 -15
68 l0 69 45 1 c25 0 45 -3 45 -7z m512 -8 c13 -12 18 -30 18 -68 l0 -52 -56 1
c-43 1 -60 5 -68 19 -18 28 4 52 53 55 33 3 42 7 39 20 -4 21 -44 28 -64 11
-19 -16 -30 -4 -14 16 17 20 69 19 92 -2z m148 8 c0 -4 -13 -12 -30 -18 -28
-10 -30 -15 -30 -62 0 -39 -4 -51 -15 -51 -12 0 -15 14 -15 68 l0 69 45 1 c25
0 45 -3 45 -7z m472 -8 c13 -12 18 -30 18 -68 l0 -52 -56 1 c-43 1 -60 5 -68
19 -18 28 4 52 53 55 33 3 42 7 39 20 -4 21 -44 28 -64 11 -19 -16 -30 -4 -14
16 17 20 69 19 92 -2z m185 -13 c18 -36 17 -110 -1 -110 -11 0 -16 15 -18 51
-6 96 -70 96 -76 0 -2 -36 -7 -51 -18 -51 -11 0 -14 15 -14 69 l0 69 57 -1
c50 -2 59 -5 70 -27z m-7159 -167 c31 -34 28 -58 -16 -133 -35 -60 -40 -65
-76 -68 l-38 -3 21 29 c27 39 27 48 -4 56 -16 4 -32 20 -41 40 -22 45 -3 86
46 103 45 15 79 7 108 -24z m440 4 c32 -30 28 -70 -15 -144 -34 -57 -40 -63
-70 -63 -18 0 -33 2 -33 4 0 3 9 21 21 40 l21 36 -21 0 c-49 0 -80 80 -48 123
28 39 104 41 145 4z m200 7 c34 -22 31 -82 -8 -119 -39 -37 -38 -45 5 -45 31
0 35 -3 35 -25 0 -25 -1 -25 -90 -25 -88 0 -90 1 -90 24 0 17 16 36 55 66 39
30 55 49 55 66 0 17 -6 24 -20 24 -11 0 -23 -7 -26 -15 -4 -9 -19 -15 -36 -15
-26 0 -29 3 -22 23 19 63 79 80 142 41z m875 -15 c9 -12 18 -33 19 -48 6 -104
-25 -151 -99 -151 -52 0 -87 31 -97 85 -8 40 8 107 28 125 41 33 116 28 149
-11z m670 0 c9 -12 18 -33 19 -48 6 -104 -25 -151 -99 -151 -52 0 -87 31 -97
85 -8 40 8 107 28 125 41 33 116 28 149 -11z m226 6 c47 -46 36 -166 -18 -195
-34 -18 -88 -12 -117 13 -23 20 -28 34 -32 83 -4 54 -1 63 22 91 40 48 100 51
145 8z m-2249 -90 l0 -115 -30 0 -30 0 0 70 0 70 -30 0 c-25 0 -30 4 -30 25 0
20 6 27 29 31 17 4 32 12 35 20 3 8 17 14 31 14 l25 0 0 -115z m710 92 c0 -13
-9 -32 -20 -42 -20 -18 -20 -18 5 -41 31 -28 33 -76 5 -104 -41 -41 -150 -16
-150 35 0 18 50 21 67 4 16 -16 43 -3 43 21 0 16 -6 20 -35 20 -42 0 -47 21
-13 57 l21 23 -41 0 c-38 0 -42 2 -42 25 0 25 1 25 80 25 77 0 80 -1 80 -23z
m167 11 c-3 -7 -17 -39 -31 -70 l-26 -58 24 0 c19 0 26 7 31 30 5 23 12 30 31
30 20 0 24 -5 24 -30 0 -16 5 -30 10 -30 6 0 10 -11 10 -25 0 -14 -4 -25 -10
-25 -5 0 -10 -9 -10 -20 0 -16 -7 -20 -30 -20 -23 0 -30 4 -30 20 0 18 -7 20
-60 20 -57 0 -60 1 -60 25 0 14 16 57 35 95 32 64 38 70 66 70 21 0 29 -4 26
-12z m263 -13 c0 -14 -16 -65 -36 -115 -34 -84 -38 -90 -65 -90 -16 0 -29 4
-29 9 0 4 14 41 30 81 17 40 30 77 30 81 0 5 -20 9 -45 9 -41 0 -45 2 -45 25
0 25 1 25 80 25 79 0 80 0 80 -25z m389 -10 l-21 -35 30 -11 c53 -18 68 -84
27 -124 -18 -19 -35 -25 -67 -25 -101 1 -118 73 -45 188 23 36 32 42 62 42
l34 0 -20 -35z m190 -30 c-16 -35 -29 -67 -29 -70 0 -4 10 -5 22 -3 14 2 24
12 28 28 4 16 14 26 28 28 19 3 22 -1 22 -27 0 -21 5 -31 15 -31 9 0 15 -9 15
-25 0 -16 -6 -25 -15 -25 -8 0 -15 -9 -15 -20 0 -16 -7 -20 -30 -20 -23 0 -30
4 -30 20 0 18 -7 20 -60 20 -73 0 -74 4 -23 112 34 74 38 78 69 78 l33 0 -30
-65z m-2129 -10 c0 -18 5 -25 20 -25 13 0 20 -7 20 -20 0 -13 -7 -20 -20 -20
-15 0 -20 -7 -20 -25 0 -21 -5 -25 -30 -25 -25 0 -30 4 -30 25 0 18 -5 25 -20
25 -13 0 -20 7 -20 20 0 13 7 20 20 20 15 0 20 7 20 25 0 21 5 25 30 25 25 0
30 -4 30 -25z"/>
<path d="M6415 1861 c-63 -39 -95 -92 -95 -157 0 -44 16 -75 106 -202 l72
-102 80 113 c44 63 85 133 92 155 20 77 -20 161 -94 196 -46 22 -123 21 -161
-3z m144 -87 c40 -33 43 -89 7 -131 -64 -74 -190 2 -156 94 25 65 95 82 149
37z"/>
<path d="M6445 1765 c-52 -51 -16 -138 57 -138 35 0 78 40 78 74 0 76 -84 116
-135 64z"/>
<path d="M7756 1584 c-9 -8 -16 -24 -16 -34 0 -22 26 -50 46 -50 46 0 73 57
42 88 -17 17 -54 15 -72 -4z"/>
<path d="M9226 1584 c-9 -8 -16 -24 -16 -34 0 -22 26 -50 46 -50 46 0 73 57
42 88 -17 17 -54 15 -72 -4z"/>
<path d="M8700 1610 c0 -36 3 -40 24 -40 39 0 56 11 56 36 0 25 -26 44 -59 44
-18 0 -21 -6 -21 -40z"/>
<path d="M8165 1530 c-10 -16 4 -30 29 -30 22 0 46 17 46 32 0 12 -68 10 -75
-2z"/>
<path d="M8455 1530 c-10 -16 4 -30 29 -30 22 0 46 17 46 32 0 12 -68 10 -75
-2z"/>
<path d="M8882 1588 c-7 -7 -12 -24 -12 -38 0 -53 57 -69 86 -25 15 23 15 27
0 50 -18 27 -54 33 -74 13z"/>
<path d="M9050 1520 c0 -25 41 -28 64 -4 23 22 21 24 -24 24 -33 0 -40 -3 -40
-20z"/>
<path d="M9745 1530 c-10 -16 4 -30 29 -30 22 0 46 17 46 32 0 12 -68 10 -75
-2z"/>
<path d="M10101 1586 c-7 -8 -11 -27 -9 -43 6 -51 88 -41 88 11 0 42 -53 63
-79 32z"/>
<path d="M10282 1588 c-7 -7 -12 -24 -12 -38 0 -14 5 -31 12 -38 28 -28 88 -2
88 38 0 40 -60 66 -88 38z"/>
<path d="M820 1412 c0 -4 29 -37 65 -72 36 -36 65 -58 65 -49 0 8 -26 40 -58
72 -55 55 -72 66 -72 49z"/>
<path d="M1272 953 c37 -37 71 -64 75 -60 9 10 -107 127 -127 127 -8 0 15 -30
52 -67z"/>
<path d="M2151 1400 c-14 -42 -15 -40 14 -40 29 0 29 -1 11 40 l-13 32 -12
-32z"/>
<path d="M1844 1386 c-12 -31 0 -51 31 -51 27 0 30 3 30 30 0 25 -4 30 -28 33
-17 2 -29 -2 -33 -12z"/>
<path d="M2284 1386 c-12 -31 0 -51 31 -51 27 0 30 3 30 30 0 25 -4 30 -28 33
-17 2 -29 -2 -33 -12z"/>
<path d="M2431 1386 c-20 -24 4 -58 37 -54 23 2 27 8 27 33 0 25 -4 31 -26 33
-14 2 -31 -4 -38 -12z"/>
<path d="M2570 1385 c-20 -24 0 -50 36 -50 26 0 29 4 29 30 0 25 -4 31 -26 33
-15 2 -31 -4 -39 -13z"/>
<path d="M3215 1390 c-4 -6 8 -10 30 -10 22 0 34 4 30 10 -3 6 -17 10 -30 10
-13 0 -27 -4 -30 -10z"/>
<path d="M7292 1228 c-7 -7 -12 -24 -12 -38 0 -53 57 -69 86 -25 15 23 15 27
0 50 -18 27 -54 33 -74 13z"/>
<path d="M9302 1228 c-31 -31 -4 -88 42 -88 20 0 46 28 46 50 0 40 -60 66 -88
38z"/>
<path d="M9554 1276 c-11 -28 4 -48 33 -44 22 2 28 8 28 28 0 20 -6 26 -28 28
-18 2 -29 -2 -33 -12z"/>
<path d="M9544 1185 c-8 -21 14 -45 41 -45 27 0 49 24 41 45 -3 9 -18 15 -41
15 -23 0 -38 -6 -41 -15z"/>
<path d="M9996 1268 c-31 -44 -9 -128 33 -128 29 0 51 33 51 77 0 65 -52 97
-84 51z"/>
<path d="M6345 1170 c-10 -16 4 -30 29 -30 22 0 46 17 46 32 0 12 -68 10 -75
-2z"/>
<path d="M7123 1233 c-7 -2 -13 -11 -13 -19 0 -10 13 -14 45 -14 43 0 45 1 35
20 -10 19 -39 25 -67 13z"/>
<path d="M7484 1215 c-15 -23 -15 -27 0 -50 29 -44 86 -28 86 25 0 53 -57 69
-86 25z"/>
<path d="M8325 1170 c-10 -16 4 -30 29 -30 22 0 46 17 46 32 0 12 -68 10 -75
-2z"/>
<path d="M8945 1170 c-10 -16 4 -30 29 -30 22 0 46 17 46 32 0 12 -68 10 -75
-2z"/>
<path d="M1962 1038 c-18 -18 -15 -36 9 -49 29 -15 59 12 43 39 -14 22 -36 26
-52 10z"/>
<path d="M2413 1043 c-19 -7 -16 -50 4 -57 24 -10 51 20 37 41 -12 19 -23 24
-41 16z"/>
<path d="M3460 1014 c-15 -38 -12 -59 9 -85 16 -19 23 -22 37 -13 44 26 34
124 -12 124 -17 0 -27 -8 -34 -26z"/>
<path d="M4130 1014 c-15 -38 -12 -59 9 -85 16 -19 23 -22 37 -13 44 26 34
124 -12 124 -17 0 -27 -8 -34 -26z"/>
<path d="M4372 1028 c-15 -15 -16 -72 -2 -99 23 -42 70 -12 70 46 0 54 -37 84
-68 53z"/>
<path d="M3691 956 c-17 -20 -2 -46 25 -46 29 0 41 24 24 45 -16 19 -34 19
-49 1z"/>
<path d="M4110 3944 c0 -8 32 -33 43 -34 4 0 3 9 -3 20 -10 18 -40 29 -40 14z"/>
<path d="M4120 3860 c0 -7 24 -20 36 -20 13 0 1 19 -16 23 -11 3 -20 2 -20 -3z"/>
<path d="M4041 3764 c0 -11 3 -14 6 -6 3 7 2 16 -1 19 -3 4 -6 -2 -5 -13z"/>
<path d="M4090 3691 c0 -6 5 -13 10 -16 6 -3 10 1 10 9 0 9 -4 16 -10 16 -5 0
-10 -4 -10 -9z"/>
<path d="M5207 3603 c-14 -13 -6 -23 18 -23 28 0 34 15 9 24 -19 7 -19 7 -27
-1z"/>
<path d="M5206 3518 c8 -29 10 -31 23 -23 8 4 8 12 1 26 -15 27 -33 24 -24 -3z"/>
<path d="M5762 3322 c-2 -15 -4 -36 -5 -47 -2 -19 5 -20 103 -23 118 -3 150 2
150 23 0 10 -11 15 -32 15 -18 1 -44 7 -58 15 -14 8 -45 14 -70 15 -25 0 -55
6 -66 14 -18 13 -20 12 -22 -12z"/>
<path d="M5286 3281 c-18 -19 -17 -20 18 -26 45 -9 68 0 64 22 -5 27 -59 29
-82 4z"/>
</g>
</svg>
